Sample_number	ID_indiv	Year_collect	Length	Weight
1	PM_OCQ_397	2019	82	0.846
2	PM_OCQ_398	2019	77	0.654
3	PM_OCQ_399	2019	66	0.423
4	PM_OCQ_400	2019	65	0.446
5	PM_OCQ_401	2019	72	0.552
6	PM_OCQ_402	2019	64	0.473
7	PM_OCQ_403	2019	60	0.333
8	PM_OCQ_404	2019	12	0.002
9	PM_OCQ_405	2019	62	0.333
10	PM_OCQ_406	2019	55	0.262
11	PM_OCQ_407	2019	54	0.207
12	PM_OCQ_408	2019	55	0.176
13	PM_OCQ_409	2019	55	0.248
14	PM_OCQ_410	2019	57	0.254
15	PM_OCQ_411	2019	54	0.116
16	PM_OCQ_412	2019	59	0.233
17	PM_OCQ_413	2019	39	0.068
18	PM_OCQ_414	2019	68	0.252
19	PM_OCQ_415	2019	56	0.218
20	PM_OCQ_416	2019	54	0.208
21	PM_OCQ_417	2019	50	0.187
22	PM_OCQ_418	2019	26	0.019
23	PM_OCQ_419	2019	27	0.033
24	PM_OCQ_420	2019	55	0.268
25	PM_OCQ_421	2019	67	0.513
26	PM_OCQ_422	2019	24	0.025
27	PM_OCQ_423	2019	55	0.203
28	PM_OCQ_424	2019	51	0.159
29	PM_OCQ_425	2019	52	0.191
30	PM_OCQ_426	2019	37	0.074
31	PM_OCQ_427	2019	34	0.028
32	PM_OCQ_428	2019	46	0.108
33	PM_OCQ_429	2019	31	0.027
34	PM_OCQ_430	2019	34	0.064
35	PM_OCQ_431	2019	26	0.024
36	PM_OCQ_432	2019	51	0.169
37	PM_OCQ_433	2019	62	0.393
38	PM_OCQ_434	2019	56	0.196
39	PM_OCQ_435	2019	52	0.167
40	PM_OCQ_436	2019	57	0.216
41	PM_OCQ_437	2019	47	0.084
42	PM_OCQ_438	2019	56	0.221
43	PM_OCQ_439	2019	57	0.243
44	PM_OCQ_440	2019	68	0.471
45	PM_OCQ_441	2019	42	0.112
46	PM_OCQ_442	2019	47	0.104
47	PM_OCQ_443	2019	50	0.166
48	PM_OCQ_444	2019	62	0.314
49	PM_OCQ_445	2019	37	0.044
50	PM_OCQ_446	2019	63	0.336
51	PM_OCQ_447	2019	66	0.292
52	PM_OCQ_448	2019	57	0.29
53	PM_OCQ_449	2019	50	0.091
54	PM_OCQ_450	2019	51	0.136
55	PM_OCQ_451	2019	27	0.012
56	PM_OCQ_452	2019	67	0.367
57	PM_OCQ_453	2019	53	0.146
58	PM_OCQ_454	2019	55	0.162
59	PM_OCQ_455	2019	48	0.112
60	PM_OCQ_456	2019	43	0.087
61	PM_OCQ_457	2019	50	0.136
62	PM_OCQ_458	2019	31	0.049
63	PM_OCQ_459	2019	42	0.129
64	PM_OCQ_460	2019	50	0.147
65	PM_OCQ_461	2019	56	0.206
66	PM_OCQ_462	2019	63	0.326
67	PM_OCQ_463	2019	66	0.407
68	PM_OCQ_464	2019	51	0.147
69	PM_OCQ_465	2019	28	0.026
70	PM_OCQ_466	2019	54	0.172
71	PM_OCQ_467	2019	46	0.107
72	PM_OCQ_468	2019	52	0.197
73	PM_OCQ_469	2019	56	0.196
74	PM_OCQ_470	2019	24	0.022
75	PM_OCQ_471	2019	3	0.011
76	PM_OCQ_472	2019	32	0.009
77	PM_OCQ_473	2019	51	0.122
78	PM_OCQ_474	2019	43	0.109
79	PM_OCQ_475	2019	47	0.093
80	PM_OCQ_476	2019	56	0.227
81	PM_OCQ_477	2019	53	0.176
82	PM_OCQ_478	2019	46	0.072
83	PM_OCQ_479	2019	62	0.276
84	PM_OCQ_480	2019	51	0.126
85	PM_OCQ_481	2019	55	0.147
86	PM_OCQ_482	2019	56	0.272
87	PM_OCQ_483	2019	32	0.021
88	PM_OCQ_484	2019	35	0.033
89	PM_OCQ_485	2019	24	0.013
90	PM_OCQ_486	2019	46	0.169
91	PM_OCQ_487	2019	56	0.227
92	PM_OCQ_488	2019	29	0.013
93	PM_OCQ_489	2019	22	0.01
94	PM_OCQ_490	2019	30	0.012
95	PM_OCQ_491	2019	31	0.026
96	PM_OCQ_492	2019	47	0.153
97	PM_OCQ_493	2019	33	0.029
98	PM_OCQ_494	2019	31	0.047
99	PM_OCQ_495	2019	52	0.16
100	PM_OCQ_496	2019	43	0.112
101	PM_OCQ_497	2019	35	0.041
102	PM_OCQ_498	2019	48	0.142
103	PM_OCQ_499	2019	47	0.21
104	PM_OCQ_500	2019	27	0.021
105	PM_OCQ_501	2019	56	0.252
106	PM_OCQ_502	2019	23	0.016
107	PM_OCQ_503	2019	58	0.252
108	PM_OCQ_504	2019	28	0.014
109	PM_OCQ_505	2019	27	0.016
110	PM_OCQ_506	2019	33	0.021
111	PM_OCQ_507	2019	47	0.182
112	PM_OCQ_508	2019	55	0.219
113	PM_OCQ_509	2019	49	0.171
114	PM_OCQ_510	2019	47	0.141
115	PM_OCQ_511	2019	54	0.202
116	PM_OCQ_512	2019	47	0.159
117	PM_OCQ_513	2019	32	0.053
118	PM_OCQ_514	2019	33	0.027
119	PM_OCQ_515	2019	27	0.033
120	PM_OCQ_516	2019	26	0.013
121	PM_OCQ_517	2019	27	0.017
122	PM_STE_001	2019	145	4.944
123	PM_STE_002	2019	144	4.642
124	PM_STE_003	2019	155	5.548
125	PM_STE_004	2019	140	4.598
126	PM_STE_005	2019	155	5.91
127	PM_STE_006	2019	179	8.565
128	PM_STE_007	2019	138	3.86
129	PM_STE_008	2019	142	4.284
130	PM_STE_009	2019	154	5.965
131	PM_STE_010	2019	165	6.802
132	PM_STE_011	2019	129	3.83
133	PM_STE_012	2019	138	4.082
134	PM_STE_013	2019	142	4.309
135	PM_STE_014	2019	138	4.385
136	PM_STE_015	2019	142	4.153
137	PM_STE_016	2019	125	3.337
138	PM_STE_017	2019	128	3.082
139	PM_STE_018	2019	157	5.778
140	PM_STE_019	2019	143	4.689
141	PM_STE_020	2019	149	5.366
142	PM_STE_021	2019	136	3.881
143	PM_STE_022	2019	149	5.219
144	PM_STE_023	2019	156	5.554
145	PM_STE_024	2019	130	3.952
146	PM_STE_025	2019	155	6.038
147	PM_STE_026	2019	140	4.059
148	PM_STE_027	2019	146	4.907
149	PM_STE_028	2019	159	6.027
150	PM_STE_029	2019	155	6.103
151	PM_STE_030	2019	133	3.829
152	PM_STE_031	2019	156	5.895
153	PM_STE_032	2019	152	5.652
154	PM_STE_033	2019	165	6.702
155	PM_STE_034	2019	136	4.541
156	PM_STE_035	2019	128	3.623
157	PM_STE_036	2019	129	3.654
158	PM_STE_037	2019	126	3.138
159	PM_STE_038	2019	143	4.335
160	PM_STE_039	2019	143	4.722
161	PM_STE_040	2019	156	6.182
162	PM_STE_041	2019	144	4.138
163	PM_STE_042	2019	153	5.076
164	PM_STE_043	2019	140	3.993
165	PM_STE_044	2019	144	5.259
166	PM_STE_045	2019	151	5.32
167	PM_STE_046	2019	143	3.773
168	PM_STE_047	2019	155	5.316
169	PM_STE_048	2019	159	5.944
170	PM_STE_049	2019	140	4.38
171	PM_STE_050	2019	134	3.958
172	PM_STE_051	2019	150	5.211
173	PM_STE_052	2019	145	5.26
174	PM_STE_053	2019	136	3.39
175	PM_STE_054	2019	133	3.561
176	PM_STE_055	2019	134	4.144
177	PM_STE_056	2019	145	5.044
178	PM_STE_057	2019	130	3.253
179	PM_STE_058	2019	144	5.385
180	PM_STE_059	2019	169	8.306
181	PM_STE_060	2019	152	6.152
182	PM_STE_061	2019	130	3.54
183	PM_STE_062	2019	125	3.043
184	PM_STE_063	2019	129	3.151
185	PM_STE_064	2019	154	5.702
186	PM_STE_065	2019	141	4.145
187	PM_STE_066	2019	140	3.924
188	PM_STE_067	2019	137	3.666
189	PM_STE_068	2019	150	5.139
190	PM_STE_069	2019	132	3.311
191	PM_STE_070	2019	150	5.307
192	PM_STE_071	2019	129	2.697
193	PM_STE_072	2019	139	4.246
194	PM_STE_073	2019	146	5.16
195	PM_STE_074	2019	144	4.338
196	PM_STE_075	2019	139	4.399
197	PM_STE_076	2019	155	6.545
198	PM_STE_077	2019	129	3.377
199	PM_STE_078	2019	127	3.883
200	PM_STE_079	2019	136	4.254
201	PM_STE_080	2019	134	4.399
202	PM_STE_081	2019	152	6.024
203	PM_STE_082	2019	124	3.258
204	PM_STE_083	2019	149	5.251
205	PM_STE_084	2019	136	4.427
206	PM_STE_085	2019	148	4.596
207	PM_STE_086	2019	143	4.445
208	PM_STE_087	2019	144	5.956
209	PM_STE_088	2019	145	4.201
210	PM_STE_089	2019	132	3.762
211	PM_STE_090	2019	120	3.123
212	PM_STE_091	2019	138	4.949
213	PM_STE_092	2019	140	3.669
214	PM_STE_093	2019	122	2.899
215	PM_STE_094	2019	132	3.516
216	PM_STE_095	2019	122	3.279
217	PM_STE_096	2019	150	4.7
218	PM_STE_097	2019	146	4.754
219	PM_STE_098	2019	135	3.891
220	PM_STE_099	2019	150	5.506
221	PM_STE_100	2019	140	4.913
222	PM_STE_101	2019	146	5.623
223	PM_STE_102	2019	152	5.951
224	PM_STE_103	2019	133	3.74
225	PM_STE_104	2019	160	6.299
226	PM_STE_105	2019	135	4.102
227	PM_STE_106	2019	154	5.932
228	PM_STE_107	2019	145	5.276
229	PM_STE_108	2019	150	5.622
230	PM_STE_109	2019	147	5.514
231	PM_STE_110	2019	137	4.23
232	PM_STE_111	2019	145	5.136
233	PM_STE_112	2019	137	4.398
234	PM_STE_113	2019	155	6.14
235	PM_STE_114	2019	153	5.521
236	PM_STE_115	2019	147	5.129
237	PM_STE_116	2019	147	4.779
238	PM_STE_117	2019	143	4.769
239	PM_STE_118	2019	167	7.711
240	PM_STE_119	2019	162	7.018
241	PM_STE_120	2019	135	4.454
242	PM_STE_121	2019	111	2.182
243	PM_STE_122	2019	138	3.877
244	PM_CAT_001	2019	40	0.045
245	PM_CAT_002	2019	43	0.067
246	PM_CAT_003	2019	42	0.049
247	PM_CAT_004	2019	45	0.054
248	PM_CAT_005	2019	43	0.065
249	PM_CAT_006	2019	45	0.075
250	PM_CAT_007	2019	41	0.064
251	PM_CAT_008	2019	46	0.099
252	PM_CAT_009	2019	46	0.082
253	PM_CAT_010	2019	45	0.071
254	PM_CAT_011	2019	41	0.051
255	PM_CAT_012	2019	42	0.038
256	PM_CAT_013	2019	39	0.06
257	PM_CAT_014	2019	46	0.088
258	PM_CAT_015	2019	42	0.071
259	PM_CAT_016	2019	45	0.087
260	PM_CAT_017	2019	50	0.137
261	PM_CAT_018	2019	52	0.124
262	PM_CAT_019	2019	53	0.138
263	PM_CAT_020	2019	44	0.076
264	PM_CAT_021	2019	48	0.1
265	PM_CAT_022	2019	49	0.107
266	PM_CAT_023	2019	49	0.117
267	PM_CAT_024	2019	49	0.131
268	PM_CAT_025	2019	50	0.12
269	PM_CAT_026	2019	48	0.079
270	PM_CAT_027	2019	49	0.111
271	PM_CAT_028	2019	47	0.081
272	PM_CAT_029	2019	48	0.098
273	PM_CAT_030	2019	41	0.071
274	PM_CAT_031	2019	50	0.146
275	PM_CAT_032	2019	41	0.056
276	PM_CAT_033	2019	45	0.094
277	PM_CAT_034	2019	49	0.108
278	PM_CAT_035	2019	52	0.148
279	PM_CAT_036	2019	51	0.146
280	PM_CAT_037	2019	39	0.041
281	PM_CAT_038	2019	43	0.072
282	PM_CAT_039	2019	45	0.1
283	PM_CAT_040	2019	50	0.115
284	PM_CAT_041	2019	50	0.137
285	PM_CAT_042	2019	45	0.051
286	PM_CAT_043	2019	46	0.073
287	PM_CAT_044	2019	44	0.069
288	PM_CAT_045	2019	38	0.032
289	PM_CAT_046	2019	49	0.121
290	PM_CAT_047	2019	51	0.117
291	PM_CAT_048	2019	53	0.133
292	PM_CAT_049	2019	43	0.047
293	PM_CAT_050	2019	45	0.065
294	PM_CAT_051	2019	53	0.15
295	PM_CAT_052	2019	46	0.1
296	PM_CAT_053	2019	49	0.103
297	PM_CAT_054	2019	40	0.037
298	PM_CAT_055	2019	46	0.084
299	PM_CAT_056	2019	47	0.104
300	PM_CAT_057	2019	48	0.146
301	PM_CAT_058	2019	43	0.064
302	PM_CAT_059	2019	51	0.096
303	PM_CAT_060	2019	46	0.104
304	PM_CAT_061	2019	39	0.056
305	PM_CAT_062	2019	53	0.143
306	PM_CAT_063	2019	37	0.031
307	PM_CAT_064	2019	42	0.07
308	PM_CAT_065	2019	38	0.043
309	PM_CAT_066	2019	49	0.113
310	PM_CAT_067	2019	44	0.072
311	PM_CAT_068	2019	38	0.041
312	PM_CAT_069	2019	44	0.082
313	PM_CAT_070	2019	43	0.046
314	PM_CAT_071	2019	50	0.128
315	PM_CAT_072	2019	50	0.136
316	PM_CAT_073	2019	38	0.029
317	PM_CAT_074	2019	47	0.119
318	PM_CAT_075	2019	46	0.115
319	PM_CAT_076	2019	49	0.143
320	PM_CAT_077	2019	52	0.074
321	PM_CAT_078	2019	41	0.048
322	PM_CAT_079	2019	45	0.08
323	PM_CAT_080	2019	45	0.049
324	PM_CAT_081	2019	49	0.102
325	PM_CAT_082	2019	42	0.033
326	PM_CAT_083	2019	48	0.086
327	PM_CAT_084	2019	40	0.031
328	PM_CAT_085	2019	42	0.054
329	PM_CAT_086	2019	43	0.07
330	PM_CAT_087	2019	51	0.134
331	PM_CAT_088	2019	41	0.075
332	PM_CAT_089	2019	48	0.116
333	PM_CAT_090	2019	47	0.042
334	PM_CAT_091	2019	48	0.057
335	PM_CAT_092	2019	49	0.114
336	PM_CAT_093	2019	49	0.061
337	PM_CAT_094	2019	45	0.079
338	PM_CAT_095	2019	44	0.062
339	PM_CAT_096	2019	44	0.058
340	PM_CAT_097	2019	47	0.092
341	PM_CAT_098	2019	47	0.058
342	PM_CAT_099	2019	48	0.05
343	PM_CAT_100	2019	50	0.118
344	PM_CAT_101	2019	45	0.08
345	PM_CAT_102	2019	50	0.081
346	PM_CAT_103	2019	43	0.041
347	PM_CAT_104	2019	40	0.032
348	PM_CAT_105	2019	50	0.062
349	PM_CAT_106	2019	51	0.151
350	PM_CAT_107	2019	50	0.096
351	PM_CAT_108	2019	46	0.105
352	PM_CAT_109	2019	41	0.038
353	PM_CAT_110	2019	45	0.076
354	PM_CAT_111	2019	39	0.057
355	PM_CAT_112	2019	43	0.079
356	PM_CAT_113	2019	44	0.047
357	PM_CAT_114	2019	42	0.042
358	PM_CAT_115	2019	49	0.067
359	PM_CAT_116	2019	41	0.031
360	PM_CAT_117	2019	50	0.066
361	PM_CAT_118	2019	50	0.081
362	PM_CAT_119	2019	47	0.075
363	PM_CAT_120	2019	45	0.095
364	PM_CAT_121	2019	40	0.051
365	PM_CAT_122	2019	41	0.038
366	PM_CAT_123	2019	39	0.045
367	PM_CAT_124	2019	43	0.085
368	PM_CAT_125	2019	49	0.05
369	PM_CAT_126	2019	47	0.052
370	PM_CAT_127	2019	50	0.118
371	PM_CAT_128	2019	45	0.065
372	PM_CAT_129	2019	53	0.115
373	PM_CAT_130	2019	39	0.044
374	PM_CAT_131	2019	52	0.082
375	PM_CAT_132	2019	50	0.076
376	PM_CAT_133	2019	46	0.082
377	PM_CAT_134	2019	44	0.096
378	PM_CAT_135	2019	51	0.065
379	PM_CAT_136	2019	42	0.081
380	PM_CAT_137	2019	44	0.108
381	PM_CAT_138	2019	44	0.063
382	PM_CAT_139	2019	40	0.039
383	PM_CAT_140	2019	41	0.07
384	PM_CAT_141	2019	44	0.09
385	PM_CAT_142	2019	37	0.047
386	PM_CAT_143	2019	39	0.064
387	PM_CAT_144	2019	39	0.04
388	PM_CAT_145	2019	52	0.108
389	PM_CAT_146	2019	50	0.076
390	PM_CAT_147	2019	47	0.075
391	PM_CAT_148	2019	40	0.031
392	PM_CAT_149	2019	43	0.036
393	PM_CAT_150	2019	37	0.037
394	PM_CAT_151	2019	43	0.054
395	PM_CAT_152	2019	50	0.085
396	PM_CAT_153	2019	44	0.043
397	PM_CAT_154	2019	48	0.087
398	PM_CAT_155	2019	45	0.057
399	PM_CAT_156	2019	44	0.037
400	PM_CAT_157	2019	43	0.035
401	PM_CAT_158	2019	51	0.12
402	PM_CAT_159	2019	47	0.042
403	PM_CAT_160	2019	45	0.08
404	PM_CAT_161	2019	46	0.053
405	PM_CAT_162	2019	50	0.067
406	PM_CAT_163	2019	47	0.125
407	PM_CAT_164	2019	44	0.087
408	PM_CAT_165	2019	47	0.059
409	PM_CAT_166	2019	51	0.137
410	PM_CAT_167	2019	46	0.049
411	PM_CAT_168	2019	45	0.086
412	PM_CAT_169	2019	46	0.088
413	PM_CAT_170	2019	44	0.097
414	PM_CAT_171	2019	50	0.106
415	PM_CAT_172	2019	45	0.057
416	PM_CAT_173	2019	45	0.088
417	PM_CAT_174	2019	50	0.135
418	PM_CAT_175	2019	44	0.074
419	PM_CAT_176	2019	52	0.091
420	PM_CAT_177	2019	50	0.118
421	PM_CAT_178	2019	44	0.053
422	PM_CAT_179	2019	56	0.137
423	PM_CAT_180	2019	45	0.041
424	PM_CAT_181	2019	46	0.07
425	PM_CAT_182	2019	51	0.115
426	PM_CAT_183	2019	44	0.095
427	PM_CAT_184	2019	42	0.033
428	PM_CAT_185	2019	44	0.063
429	PM_CAT_186	2019	54	0.126
430	PM_CAT_187	2019	46	0.061
431	PM_CAT_188	2019	44	0.05
432	PM_CAT_189	2019	43	0.051
433	PM_CAT_190	2019	54	0.109
434	PM_CAT_191	2019	45	0.058
435	PM_CAT_192	2019	45	0.05
436	PM_CAT_193	2019	40	0.045
437	PM_CAT_194	2019	41	0.033
438	PM_CAT_195	2019	47	0.099
439	PM_CAT_196	2019	42	0.064
440	PM_CAT_197	2019	49	0.069
441	PM_CAT_198	2019	50	0.07
442	PM_CAT_199	2019	41	0.058
443	PM_CAT_200	2019	44	0.085
444	PM_CAT_201	2019	44	0.075
445	PM_CAT_202	2019	45	0.058
446	PM_CAT_203	2019	45	0.104
447	PM_CAT_204	2019	39	0.031
448	PM_CAT_205	2019	48	0.066
449	PM_CAT_206	2019	43	0.043
450	PM_CAT_207	2019	42	0.043
451	PM_CAT_208	2019	41	0.035
452	PM_CAT_209	2019	50	0.066
453	PM_CAT_210	2019	45	0.065
454	PM_CAT_211	2019	41	0.038
455	PM_CAT_212	2019	42	0.045
456	PM_CAT_213	2019	46	0.108
457	PM_CAT_214	2019	40	0.042
458	PM_CAT_215	2019	45	0.059
459	PM_CAT_216	2019	37	0.031
460	PM_CAT_217	2019	42	0.032
461	PM_CAT_218	2019	46	0.083
462	PM_CAT_219	2019	41	0.056
463	PM_CAT_220	2019	46	0.107
464	PM_CAT_221	2019	41	0.067
465	PM_CAT_222	2019	49	0.062
466	PM_CAT_223	2019	51	0.074
467	PM_CAT_224	2019	52	0.052
468	PM_CAT_225	2019	44	0.043
469	PM_CAT_226	2019	43	0.103
470	PM_CAT_227	2019	51	0.091
471	PM_CAT_228	2019	55	0.133
472	PM_CAT_229	2019	43	0.044
473	PM_CAT_230	2019	41	0.048
474	PM_CAT_231	2019	49	0.08
475	PM_CAT_232	2019	37	0.075
476	PM_CAT_233	2019	37	0.038
477	PM_CAT_234	2019	39	0.05
478	PM_CAT_235	2019	42	0.062
479	PM_CAT_236	2019	46	0.103
480	PM_CAT_237	2019	50	0.075
481	PM_CAT_238	2019	39	0.053
482	PM_CAT_239	2019	44	0.052
483	PM_CAT_240	2019	41	0.033
484	PM_CAT_241	2019	45	0.043
485	PM_CAT_242	2019	40	0.035
486	PM_CAT_243	2019	41	0.066
487	PM_CAT_244	2019	38	0.04
488	PM_CAT_245	2019	44	0.071
489	PM_CAT_246	2019	43	0.101
490	PM_CAT_247	2019	43	0.051
491	PM_CAT_248	2019	38	0.042
492	PM_CAT_249	2019	39	0.032
493	PM_CAT_250	2019	45	0.05
494	PM_CAT_251	2019	41	0.043
495	PM_CAT_252	2019	51	0.131
496	PM_CAT_253	2019	49	0.087
497	PM_CAT_254	2019	40	0.07
498	PM_CAT_255	2019	37	0.07
499	PM_CAT_256	2019	41	0.042
500	PM_CAT_257	2019	40	0.04
501	PM_CAT_258	2019	49	0.142
502	PM_CAT_259	2019	85	0.85
503	PM_CAT_260	2019	103	1.686
504	PM_CAT_261	2019	100	1.53
505	PM_CAT_262	2019	81	0.753
506	PM_CAT_263	2019	78	0.713
507	PM_CAT_264	2019	117	2.386
508	PM_CAT_265	2019	92	1.174
509	PM_CAT_266	2019	76	0.545
510	PM_CAT_267	2019	105	1.39
511	PM_BET_001	2019	31	0.019
512	PM_BET_002	2019	33	0.019
513	PM_BET_003	2019	33	0.015
514	PM_BET_004	2019	33	0.019
515	PM_BET_005	2019	31	0.014
516	PM_BET_006	2019	35	0.018
517	PM_BET_007	2019	32	0.018
518	PM_BET_008	2019	28	0.014
519	PM_BET_009	2019	35	0.021
520	PM_BET_010	2019	30	0.013
521	PM_BET_011	2019	36	0.036
522	PM_BET_012	2019	27	0.014
523	PM_BET_013	2019	35	0.016
524	PM_BET_014	2019	28	0.011
525	PM_BET_015	2019	29	0.012
526	PM_BET_016	2019	27	0.011
527	PM_BET_017	2019	28	0.015
528	PM_BET_018	2019	28	0.011
529	PM_BET_019	2019	28	0.013
530	PM_BET_020	2019	36	0.064
531	PM_BET_021	2019	32	0.027
532	PM_BET_022	2019	34	0.045
533	PM_BET_023	2019	36	0.047
534	PM_BET_024	2019	37	0.075
535	PM_BET_025	2019	37	0.046
536	PM_BET_026	2019	33	0.028
537	PM_BET_027	2019	40	0.073
538	PM_BET_028	2019	35	0.042
539	PM_BET_029	2019	38	0.063
540	PM_BET_030	2019	35	0.024
541	PM_BET_031	2019	39	0.056
542	PM_BET_032	2019	30	0.022
543	PM_BET_033	2019	26	0.017
544	PM_BET_034	2019	33	0.034
545	PM_BET_035	2019	40	0.076
546	PM_BET_036	2019	38	0.054
547	PM_BET_037	2019	38	0.053
548	PM_BET_038	2019	35	0.035
549	PM_BET_039	2019	40	0.054
550	PM_BET_040	2019	28	0.022
551	PM_BET_041	2019	34	0.039
552	PM_BET_042	2019	29	0.019
553	PM_BET_043	2019	27	0.014
554	PM_BET_044	2019	30	0.025
555	PM_BET_045	2019	35	0.051
556	PM_BET_046	2019	34	0.046
557	PM_BET_047	2019	38	0.072
558	PM_BET_048	2019	35	0.04
559	PM_BET_049	2019	40	0.074
560	PM_BET_050	2019	32	0.018
561	PM_BET_051	2019	34	0.046
562	PM_BET_052	2019	30	0.035
563	PM_BET_053	2019	37	0.062
564	PM_BET_054	2019	34	0.043
565	PM_BET_055	2019	37	0.032
566	PM_BET_056	2019	38	0.073
567	PM_BET_057	2019	39	0.077
568	PM_BET_058	2019	35	0.053
569	PM_BET_059	2019	39	0.047
570	PM_BET_060	2019	38	0.071
571	PM_BET_061	2019	40	0.073
572	PM_BET_062	2019	38	0.055
573	PM_BET_063	2019	36	0.034
574	PM_BET_064	2019	37	0.041
575	PM_BET_065	2019	34	0.034
576	PM_BET_066	2019	36	0.073
577	PM_BET_067	2019	36	0.068
578	PM_BET_068	2019	34	0.036
579	PM_BET_069	2019	30	0.026
580	PM_BET_070	2019	31	0.029
581	PM_BET_071	2019	37	0.037
582	PM_BET_072	2019	36	0.069
583	PM_BET_073	2019	33	0.025
584	PM_BET_074	2019	37	0.039
585	PM_BET_075	2019	34	0.033
586	PM_BET_076	2019	39	0.055
587	PM_BET_077	2019	36	0.046
588	PM_BET_078	2019	33	0.018
589	PM_BET_079	2019	35	0.041
590	PM_BET_080	2019	28	0.012
591	PM_BET_081	2019	30	0.024
592	PM_BET_082	2019	30	0.014
593	PM_BET_083	2019	27	0.012
594	PM_BET_084	2019	40	0.088
595	PM_BET_085	2019	42	0.119
596	PM_BET_086	2019	47	0.146
597	PM_BET_087	2019	48	0.147
598	PM_BET_088	2019	44	0.12
599	PM_BET_089	2019	49	0.163
600	PM_BET_090	2019	44	0.123
601	PM_BET_091	2019	41	0.09
602	PM_BET_092	2019	39	0.08
603	PM_BET_093	2019	45	0.11
604	PM_BET_094	2019	49	0.163
605	PM_BET_095	2019	43	0.1
606	PM_BET_096	2019	44	0.103
607	PM_BET_097	2019	45	0.127
608	PM_BET_098	2019	48	0.177
609	PM_BET_099	2019	41	0.07
610	PM_BET_100	2019	50	0.184
611	PM_BET_101	2019	42	0.079
612	PM_BET_102	2019	42	0.09
613	PM_BET_103	2019	20	0.006
614	PM_BET_104	2019	45	0.142
615	PM_BET_105	2019	40	0.061
616	PM_BET_106	2019	45	0.112
617	PM_BET_107	2019	42	0.079
618	PM_BET_108	2019	46	0.137
619	PM_BET_109	2019	43	0.113
620	PM_BET_110	2019	38	0.053
621	PM_BET_111	2019	41	0.066
622	PM_BET_112	2019	42	0.088
623	PM_BET_113	2019	43	0.092
624	PM_BET_114	2019	45	0.118
625	PM_BET_115	2019	44	0.12
626	PM_BET_116	2019	41	0.087
627	PM_BET_117	2019	47	0.113
628	PM_BET_118	2019	50	0.167
629	PM_BET_119	2019	40	0.055
630	PM_BET_120	2019	44	0.121
631	PM_BET_121	2019	25	0.015
632	PM_BET_122	2019	46	0.113
633	PM_BET_123	2019	25	0.01
634	PM_BET_124	2019	25	0.009
635	PM_BET_125	2019	25	0.007
636	PM_BET_126	2019	24	0.004
637	PM_BET_127	2019	27	0.009
638	PM_BET_128	2019	43	0.042
639	PM_BET_129	2019	27	0.011
640	PM_BET_130	2019	23	0.009
641	PM_BET_131	2019	25	0.01
642	PM_BET_132	2019	29	0.009
643	PM_BET_133	2019	25	0.005
644	PM_BET_134	2019	23	0.007
645	PM_BET_135	2019	51	0.212
646	PM_BET_136	2019	44	0.108
647	PM_BET_137	2019	41	0.093
648	PM_BET_138	2019	46	0.153
649	PM_BET_139	2019	49	0.183
650	PM_TAQ_001	2019	32	0.018
651	PM_TAQ_002	2019	37	0.029
652	PM_TAQ_003	2019	38	0.037
653	PM_TAQ_004	2019	44	0.069
654	PM_TAQ_005	2019	34	0.024
655	PM_TAQ_006	2019	37	0.029
656	PM_TAQ_007	2019	39	0.034
657	PM_TAQ_008	2019	37	0.031
658	PM_TAQ_009	2019	34	0.022
659	PM_TAQ_010	2019	39	0.044
660	PM_TAQ_011	2019	42	0.043
661	PM_TAQ_012	2019	36	0.028
662	PM_TAQ_013	2019	39	0.044
663	PM_TAQ_014	2019	38	0.027
664	PM_TAQ_015	2019	44	0.072
665	PM_TAQ_016	2019	34	0.022
666	PM_TAQ_017	2019	32	0.015
667	PM_TAQ_018	2019	36	0.028
668	PM_TAQ_019	2019	35	0.03
669	PM_TAQ_020	2019	43	0.055
670	PM_TAQ_021	2019	32	0.021
671	PM_TAQ_022	2019	29	0.014
672	PM_TAQ_023	2019	40	0.034
673	PM_TAQ_024	2019	39	0.046
674	PM_TAQ_025	2019	33	0.019
675	PM_TAQ_026	2019	38	0.054
676	PM_TAQ_027	2019	35	0.037
677	PM_TAQ_028	2019	35	0.028
678	PM_TAQ_029	2019	35	0.022
679	PM_TAQ_030	2019	40	0.057
680	PM_TAQ_031	2019	34	0.017
681	PM_TAQ_032	2019	36	0.028
682	PM_TAQ_033	2019	40	0.032
683	PM_TAQ_034	2019	33	0.022
684	PM_TAQ_035	2019	35	0.02
685	PM_TAQ_036	2019	40	0.03
686	PM_TAQ_037	2019	37	0.025
687	PM_TAQ_038	2019	33	0.015
688	PM_TAQ_039	2019	43	0.089
689	PM_TAQ_040	2019	44	0.059
690	PM_TAQ_041	2019	41	0.052
691	PM_TAQ_042	2019	40	0.049
692	PM_TAQ_043	2019	35	0.022
693	PM_TAQ_044	2019	36	0.03
694	PM_TAQ_045	2019	38	0.023
695	PM_TAQ_046	2019	33	0.016
696	PM_TAQ_047	2019	33	0.02
697	PM_TAQ_048	2019	43	0.067
698	PM_TAQ_049	2019	34	0.017
699	PM_TAQ_050	2019	36	0.031
700	PM_TAQ_051	2019	27	0.01
701	PM_TAQ_052	2019	33	0.015
702	PM_TAQ_053	2019	35	0.027
703	PM_TAQ_054	2019	34	0.022
704	PM_TAQ_055	2019	39	0.032
705	PM_TAQ_056	2019	38	0.024
706	PM_TAQ_057	2019	40	0.054
707	PM_TAQ_058	2019	37	0.027
708	PM_TAQ_059	2019	35	0.022
709	PM_TAQ_060	2019	33	0.022
710	PM_TAQ_061	2019	37	0.026
711	PM_TAQ_062	2019	38	0.037
712	PM_TAQ_063	2019	29	0.013
713	PM_TAQ_064	2019	33	0.016
714	PM_TAQ_065	2019	41	0.05
715	PM_TAQ_066	2019	36	0.028
716	PM_TAQ_067	2019	39	0.031
717	PM_TAQ_068	2019	38	0.035
718	PM_TAQ_069	2019	39	0.038
719	PM_TAQ_070	2019	38	0.029
720	PM_TAQ_071	2019	44	0.076
721	PM_TAQ_072	2019	32	0.021
722	PM_TAQ_073	2019	42	0.046
723	PM_TAQ_074	2019	41	0.067
724	PM_TAQ_075	2019	33	0.019
725	PM_TAQ_076	2019	45	0.078
726	PM_TAQ_077	2019	43	0.072
727	PM_TAQ_078	2019	38	0.046
728	PM_TAQ_079	2019	34	0.027
729	PM_TAQ_080	2019	33	0.019
730	PM_TAQ_081	2019	35	0.018
731	PM_TAQ_082	2019	38	0.03
732	PM_TAQ_083	2019	35	0.026
733	PM_TAQ_084	2019	39	0.036
734	PM_TAQ_085	2019	47	0.108
735	PM_TAQ_086	2019	43	0.098
736	PM_TAQ_087	2019	44	0.089
737	PM_TAQ_088	2019	31	0.021
738	PM_TAQ_089	2019	36	0.034
739	PM_TAQ_090	2019	35	0.028
740	PM_TAQ_091	2019	37	0.032
741	PM_TAQ_092	2019	42	0.049
742	PM_TAQ_093	2019	41	0.051
743	PM_TAQ_094	2019	39	0.032
744	PM_TAQ_095	2019	30	0.018
745	PM_TAQ_096	2019	35	0.032
746	PM_TAQ_097	2019	33	0.022
747	PM_TAQ_098	2019	42	0.061
748	PM_TAQ_099	2019	39	0.06
749	PM_TAQ_100	2019	39	0.047
750	PM_TAQ_101	2019	42	0.08
751	PM_TAQ_102	2019	33	0.02
752	PM_TAQ_103	2019	36	0.025
753	PM_TAQ_104	2019	43	0.045
754	PM_TAQ_105	2019	34	0.015
755	PM_TAQ_106	2019	37	0.034
756	PM_TAQ_107	2019	41	0.056
757	PM_TAQ_108	2019	47	0.08
758	PM_TAQ_109	2019	39	0.061
759	PM_TAQ_110	2019	35	0.024
760	PM_MAI_001	2019	35	0.036
761	PM_MAI_002	2019	35	0.035
762	PM_MAI_003	2019	33	0.035
763	PM_MAI_004	2019	25	0.006
764	PM_MAI_005	2019	34	0.046
765	PM_MAI_006	2019	27	0.009
766	PM_MAI_007	2019	33	0.027
767	PM_MAI_008	2019	31	0.026
768	PM_MAI_009	2019	32	0.033
769	PM_MAI_010	2019	29	0.011
770	PM_MAI_011	2019	33	0.028
771	PM_MAI_012	2019	32	0.03
772	PM_MAI_013	2019	36	0.061
773	PM_MAI_014	2019	27	0.011
774	PM_MAI_015	2019	29	0.016
775	PM_MAI_016	2019	29	0.013
776	PM_MAI_017	2019	28	0.012
777	PM_MAI_018	2019	33	0.026
778	PM_MAI_019	2019	30	0.019
779	PM_MAI_020	2019	32	0.024
780	PM_MAI_021	2019	31	0.017
781	PM_MAI_022	2019	25	0.008
782	PM_MAI_023	2019	30	0.016
783	PM_MAI_024	2019	26	0.003
784	PM_MAI_025	2019	26	0.008
785	PM_MAI_026	2019	33	0.029
786	PM_MAI_027	2019	28	0.012
787	PM_MAI_028	2019	33	0.025
788	PM_MAI_029	2019	28	0.007
789	PM_MAI_030	2019	28	0.018
790	PM_SWN_001	2019	48	0.087
791	PM_SWN_002	2019	48	0.083
792	PM_SWN_003	2019	48	0.103
793	PM_SWN_004	2019	43	0.058
794	PM_SWN_005	2019	44	0.06
795	PM_SWN_006	2019	51	0.165
796	PM_SWN_007	2019	43	0.059
797	PM_SWN_008	2019	51	0.119
798	PM_SWN_009	2019	53	0.14
799	PM_SWN_010	2019	47	0.084
800	PM_SWN_011	2019	45	0.102
801	PM_SWN_012	2019	44	0.072
802	PM_SWN_013	2019	43	0.064
803	PM_SWN_014	2019	42	0.046
804	PM_SWN_015	2019	52	0.14
805	PM_SWN_016	2019	53	0.18
806	PM_SWN_017	2019	45	0.091
807	PM_SWN_018	2019	40	0.049
808	PM_SWN_019	2019	54	0.167
809	PM_SWN_020	2019	47	0.104
810	PM_SWN_021	2019	49	0.085
811	PM_SWN_022	2019	53	0.136
812	PM_SWN_023	2019	44	0.082
813	PM_SWN_024	2019	51	0.132
814	PM_SWN_025	2019	49	0.104
815	PM_SWN_026	2019	49	0.099
816	PM_SWN_027	2019	52	0.157
817	PM_SWN_028	2019	50	0.126
818	PM_SWN_029	2019	51	0.134
819	PM_SWN_030	2019	45	0.079
820	PM_SWN_031	2019	44	0.096
821	PM_SWN_032	2019	52	0.16
822	PM_SWN_033	2019	48	0.1
823	PM_SWN_034	2019	54	0.176
824	PM_SWN_035	2019	49	0.105
825	PM_SWN_036	2019	49	0.098
826	PM_SWN_037	2019	48	0.103
827	PM_SWN_038	2019	46	0.108
828	PM_SWN_039	2019	51	0.112
829	PM_MAN_001	2019	30	0.021
830	PM_MAN_002	2019	31	0.021
831	PM_MAN_003	2019	38	0.042
832	PM_MAN_004	2019	46	0.076
833	PM_MAN_005	2019	35	0.034
834	PM_MAN_006	2019	46	0.083
835	PM_MAN_007	2019	39	0.05
836	PM_MAN_008	2019	36	0.03
837	PM_MAN_009	2019	35	0.035
838	PM_MAN_010	2019	38	0.05
839	PM_MAN_011	2019	33	0.026
840	PM_MAN_012	2019	44	0.063
841	PM_MAN_013	2019	45	0.083
842	PM_MAN_014	2019	43	0.059
843	PM_MAN_015	2019	41	0.062
844	PM_MAN_016	2019	48	0.085
845	PM_MAN_017	2019	43	0.066
846	PM_MAN_018	2019	30	0.018
847	PM_MAN_019	2019	33	0.023
848	PM_MAN_020	2019	39	0.043
849	PM_MAN_021	2019	37	0.047
850	PM_MAN_022	2019	45	0.111
851	PM_MAN_023	2019	39	0.054
852	PM_MAN_024	2019	34	0.04
853	PM_MAN_025	2019	41	0.074
854	PM_MAN_026	2019	29	0.018
855	PM_MAN_027	2019	41	0.05
856	PM_MAN_028	2019	37	0.038
857	PM_MAN_029	2019	36	0.037
858	PM_MAN_030	2019	33	0.024
859	PM_MAN_031	2019	43	0.077
860	PM_MAN_032	2019	30	0.024
861	PM_MAN_033	2019	29	0.01
862	PM_MAN_034	2019	57	0.135
863	PM_MAN_035	2019	51	0.086
864	PM_MAN_036	2019	50	0.126
865	PM_MAN_037	2019	51	0.075
866	PM_MAN_038	2019	50	0.064
867	PM_MAN_039	2019	52	0.08
868	PM_MAN_040	2019	50	0.081
869	PM_MAN_041	2019	56	0.13
870	PM_MAN_042	2019	53	0.088
871	PM_MAN_043	2019	48	0.074
872	PM_MAN_044	2019	50	0.128
873	PM_MAN_045	2019	55	0.119
874	PM_MAN_046	2019	42	0.045
875	PM_MAN_047	2019	52	0.097
876	PM_MAN_048	2019	50	0.087
877	PM_MAN_049	2019	43	0.067
878	PM_MAN_050	2019	47	0.092
879	PM_MAN_051	2019	54	0.126
880	PM_MAN_052	2019	47	0.08
881	PM_MAN_053	2019	50	0.081
882	PM_MAN_054	2019	51	0.112
883	PM_MAN_055	2019	54	0.108
884	PM_MAN_056	2019	55	0.154
885	PM_MAN_057	2019	55	0.154
886	PM_MAN_058	2019	48	0.062
887	PM_MAN_059	2019	58	0.155
888	PM_MAN_060	2019	43	0.064
889	PM_MAN_061	2019	53	0.115
890	PM_MAN_062	2019	53	0.083
891	PM_MAN_063	2019	44	0.058
892	PM_MAN_064	2019	48	0.08
893	PM_MAN_065	2019	58	0.159
894	PM_MAN_066	2019	49	0.088
895	PM_MAN_067	2019	53	0.1
896	PM_MAN_068	2019	52	0.109
897	PM_MAN_069	2019	48	0.078
898	PM_MAN_070	2019	50	0.097
899	PM_MAN_071	2019	55	0.137
900	PM_MAN_072	2019	48	0.074
901	PM_MAN_073	2019	49	0.073
902	PM_MAN_074	2019	46	0.055
903	PM_MAN_075	2019	40	0.033
904	PM_MAN_076	2019	50	0.093
905	PM_MAN_077	2019	54	0.125
906	PM_MAN_078	2019	47	0.075
907	PM_MAN_079	2019	58	0.175
908	PM_MAN_080	2019	54	0.097
909	PM_MAN_081	2019	43	0.061
910	PM_MAN_082	2019	56	0.133
911	PM_MAN_083	2019	58	0.147
912	PM_MAN_084	2019	51	0.091
913	PM_MAN_085	2019	44	0.067
914	PM_MAN_086	2019	51	0.102
915	PM_MAN_087	2019	58	0.157
916	PM_MAN_088	2019	57	0.139
917	PM_MAN_089	2019	54	0.134
918	PM_MAN_090	2019	53	0.134
919	PM_MAN_091	2019	54	0.078
920	PM_MAN_092	2019	52	0.094
921	PM_MAN_093	2019	56	0.1
922	PM_MAN_094	2019	45	0.064
923	PM_MAN_095	2019	53	0.122
924	PM_MAN_096	2019	48	0.075
925	PM_MAN_097	2019	50	0.102
926	PM_MAN_098	2019	58	0.158
927	PM_MAN_099	2019	51	0.132
928	PM_MAN_100	2019	55	0.111
929	PM_MAN_101	2019	57	0.132
930	PM_MAN_102	2019	56	0.121
931	PM_MAN_103	2019	42	0.046
932	PM_MAN_104	2019	45	0.057
933	PM_MAN_105	2019	54	0.138
934	PM_MAN_106	2019	43	0.064
935	PM_MAN_107	2019	49	0.079
936	PM_MAN_108	2019	41	0.061
937	PM_MAN_109	2019	53	0.116
938	PM_MAN_110	2019	50	0.095
939	PM_MAN_111	2019	53	0.134
940	PM_MAN_112	2019	49	0.089
941	PM_MAN_113	2019	54	0.109
942	PM_MAN_114	2019	50	0.105
943	PM_MAN_115	2019	50	0.128
944	PM_MAN_116	2019	47	0.106
945	PM_MAN_117	2019	53	0.099
946	PM_MAN_118	2019	58	0.133
947	PM_MAN_119	2019	48	0.074
948	PM_MAN_120	2019	55	0.154
949	PM_MAN_121	2019	56	0.16
950	PM_MAN_122	2019	50	0.113
951	PM_MAN_123	2019	54	0.145
952	PM_MAN_124	2019	54	0.128
953	PM_MAN_125	2019	53	0.128
954	PM_MAN_126	2019	54	0.125
955	PM_MAN_127	2019	52	0.12
956	PM_MAN_128	2019	49	0.102
957	PM_MAN_129	2019	48	0.095
958	PM_MAN_130	2019	55	0.155
959	PM_MAN_131	2019	52	0.144
960	PM_MAN_132	2019	50	0.118
961	PM_MAN_133	2019	45	0.071
962	PM_MAN_134	2019	55	0.136
963	PM_MAN_135	2019	45	0.087
964	PM_MAN_136	2019	50	0.111
965	PM_MAN_137	2019	51	0.141
966	PM_MAN_138	2019	58	0.183
967	PM_MAN_139	2019	53	0.15
968	PM_MAN_140	2019	53	0.124
969	PM_MAN_141	2019	38	0.093
970	PM_MAN_142	2019	46	0.082
971	PM_MAN_143	2019	53	0.147
972	PM_MAN_144	2019	50	0.09
973	PM_MAN_145	2019	49	0.109
974	PM_MAN_146	2019	50	0.121
975	PM_MAN_147	2019	53	0.139
976	PM_MAN_148	2019	50	0.125
977	PM_MAN_149	2019	48	0.108
978	PM_MAN_150	2019	53	0.15
979	PM_MAN_151	2019	55	0.179
980	PM_MAN_152	2019	49	0.111
981	PM_MAN_153	2019	46	0.086
982	PM_MAN_154	2019	58	0.166
983	PM_MAN_155	2019	53	0.16
984	PM_MAN_156	2019	54	0.161
985	PM_MAN_157	2019	45	0.078
986	PM_MAN_158	2019	54	0.149
987	PM_MAN_159	2019	43	0.065
988	PM_MAN_160	2019	47	0.084
989	PM_MAN_161	2019	55	0.178
990	PM_MAN_162	2019	55	0.184
991	PM_MAN_163	2019	46	0.097
992	PM_MAN_164	2019	54	0.151
993	PM_MAN_165	2019	50	0.124
994	PM_MAN_166	2019	49	0.066
995	PM_MAN_167	2019	46	0.086
996	PM_MAN_168	2019	51	0.107
997	PM_MAN_169	2019	46	0.059
998	PM_MAN_170	2019	41	0.044
999	PM_MAN_171	2019	54	0.133
1000	PM_MAN_172	2019	50	0.088
1001	PM_MAN_173	2019	52	0.129
1002	PM_MAN_174	2019	56	0.161
1003	PM_MAN_175	2019	54	0.16
1004	PM_MAN_176	2019	48	0.082
1005	PM_MAN_177	2019	50	0.094
1006	PM_MAN_178	2019	54	0.137
1007	PM_MAN_179	2019	43	0.049
1008	PM_MAN_180	2019	53	0.125
1009	PM_MAN_181	2019	49	0.096
1010	PM_MAN_182	2019	53	0.152
1011	PM_MAN_183	2019	52	0.129
1012	PM_MAN_184	2019	47	0.063
1013	PM_MAN_185	2019	53	0.154
1014	PM_MAN_186	2019	46	0.067
1015	PM_MAN_187	2019	52	0.127
1016	PM_MAN_188	2019	48	0.087
1017	PM_MAN_189	2019	55	0.153
1018	PM_MAN_190	2019	54	0.119
1019	PM_MAN_191	2019	58	0.138
1020	PM_MAN_192	2019	43	0.056
1021	PM_MAN_193	2019	57	0.176
1022	PM_MAN_194	2019	56	0.128
1023	PM_MAN_195	2019	50	0.147
1024	PM_MAN_196	2019	48	0.076
1025	PM_MAN_197	2019	42	0.069
1026	PM_MAN_198	2019	52	0.145
1027	PM_MAN_199	2019	50	0.11
1028	PM_MAN_200	2019	50	0.105
1029	PM_MAN_201	2019	58	0.121
1030	PM_CHE_058	2019	21	0.009
1031	PM_CHE_059	2019	23	0.01
1032	PM_CHE_060	2019	21	0.01
1033	PM_CHE_061	2019	21	0.011
1034	PM_CHE_062	2019	18	0.007
1035	PM_CHE_063	2019	18	0.006
1036	PM_CHE_064	2019	18	0.008
1037	PM_CHE_065	2019	25	0.014
1038	PM_CHE_066	2019	21	0.007
1039	PM_CHE_067	2019	23	0.007
1040	PM_CHE_068	2019	22	0.011
1041	PM_CHE_069	2019	19	0.005
1042	PM_CHE_070	2019	22	0.01
1043	PM_CHE_071	2019	24	0.013
1044	PM_CHE_072	2019	22	0.008
1045	PM_CHE_073	2019	21	0.006
1046	PM_CHE_074	2019	18	0.003
1047	PM_CHE_075	2019	24	0.008
1048	PM_CHE_076	2019	18	0.006
1049	PM_CHE_077	2019	20	0.01
1050	PM_CHE_078	2019	17	0.007
1051	PM_CHE_079	2019	16	0.004
1052	PM_CHE_080	2019	24	0.011
1053	PM_CHE_081	2019	20	0.004
1054	PM_CHE_082	2019	25	0.013
1055	PM_CHE_083	2019	18	0.005
1056	PM_CHE_084	2019	23	0.011
1057	PM_CHE_085	2019	15	0.002
1058	PM_CHE_086	2019	20	0.007
1059	PM_CHE_087	2019	19	0.008
1060	PM_CHE_088	2019	25	0.009
1061	PM_CHE_089	2019	25	0.01
1062	PM_CHE_090	2019	25	0.01
1063	PM_CHE_091	2019	16	0.002
1064	PM_CHE_092	2019	16	0.003
1065	PM_CHE_093	2019	18	0.002
1066	PM_CHE_094	2019	22	0.008
1067	PM_CHE_095	2019	19	0.007
1068	PM_CHE_096	2019	18	0.006
1069	PM_CHE_097	2019	23	0.006
1070	PM_CHE_098	2019	15	0.002
1071	PM_CHE_099	2019	16	0.003
1072	PM_CHE_100	2019	18	0.007
1073	PM_CHE_101	2019	16	0.004
1074	PM_CHE_102	2019	15	0.002
1075	PM_CHE_103	2019	15	0.003
1076	PM_CHE_104	2019	21	0.008
1077	PM_CHE_105	2019	19	0.006
1078	PM_CHE_106	2019	22	0.01
1079	PM_CHE_107	2019	18	0.005
1080	PM_CHE_108	2019	20	0.011
1081	PM_BEI_001	2019	44	0.11
1082	PM_BEI_002	2019	34	0.038
1083	PM_BEI_003	2019	40	0.06
1084	PM_BEI_004	2019	34	0.039
1085	PM_BEI_005	2019	30	0.025
1086	PM_BEI_006	2019	38	0.051
1087	PM_BEI_007	2019	38	0.038
1088	PM_BEI_008	2019	40	0.062
1089	PM_BEI_009	2019	51	0.082
1090	PM_BEI_010	2019	40	0.066
1091	PM_BEI_011	2019	40	0.057
1092	PM_BEI_012	2019	34	0.035
1093	PM_BEI_013	2019	28	0.017
1094	PM_BEI_014	2019	32	0.022
1095	PM_BEI_015	2019	35	0.042
1096	PM_BEI_016	2019	38	0.046
1097	PM_BEI_017	2019	42	0.077
1098	PM_BEI_018	2019	37	0.039
1099	PM_BEI_019	2019	42	0.064
1100	PM_BEI_020	2019	38	0.053
1101	PM_BEI_021	2019	45	0.085
1102	PM_BEI_022	2019	39	0.055
1103	PM_BEI_023	2019	36	0.046
1104	PM_BEI_024	2019	41	0.07
1105	PM_BEI_025	2019	40	0.056
1106	PM_BEI_026	2019	37	0.028
1107	PM_BEI_027	2019	38	0.049
1108	PM_BEI_028	2019	36	0.053
1109	PM_BEI_029	2019	40	0.062
1110	PM_BEI_030	2019	31	0.03
1111	PM_BEI_031	2019	38	0.04
1112	PM_BEI_032	2019	35	0.033
1113	PM_BEI_033	2019	43	0.083
1114	PM_BEI_034	2019	39	0.061
1115	PM_BEI_035	2019	35	0.045
1116	PM_BEI_036	2019	35	0.035
1117	PM_BEI_037	2019	28	0.021
1118	PM_BEI_038	2019	42	0.082
1119	PM_BEI_039	2019	51	0.138
1120	PM_BEI_040	2019	34	0.033
1121	PM_BEI_041	2019	39	0.049
1122	PM_BEI_042	2019	41	0.077
1123	PM_BEI_043	2019	39	0.061
1124	PM_BEI_044	2019	30	0.026
1125	PM_BEI_045	2019	48	0.121
1126	PM_BEI_046	2019	41	0.071
1127	PM_BEI_047	2019	42	0.095
1128	PM_BEI_048	2019	39	0.049
1129	PM_BEI_049	2019	40	0.055
1130	PM_BEI_050	2019	39	0.046
1131	PM_BEI_051	2019	49	0.142
1132	PM_BEI_052	2019	36	0.038
1133	PM_BEI_053	2019	30	0.035
1134	PM_BEI_054	2019	39	0.062
1135	PM_BEI_055	2019	33	0.039
1136	PM_BEI_056	2019	38	0.053
1137	PM_BEI_057	2019	34	0.047
1138	PM_BEI_058	2019	32	0.033
1139	PM_BEI_059	2019	48	0.121
1140	PM_BEI_060	2019	33	0.03
1141	PM_BEI_061	2019	43	0.08
1142	PM_BEI_062	2019	42	0.071
1143	PM_BEI_063	2019	33	0.033
1144	PM_BEI_064	2019	37	0.041
1145	PM_BEI_065	2019	38	0.049
1146	PM_BEI_066	2019	31	0.022
1147	PM_BEI_067	2019	38	0.046
1148	PM_BEI_068	2019	33	0.033
1149	PM_BEI_069	2019	43	0.075
1150	PM_BEI_070	2019	33	0.039
1151	PM_BEI_071	2019	43	0.088
1152	PM_BEI_072	2019	32	0.025
1153	PM_BEI_073	2019	40	0.066
1154	PM_BEI_074	2019	28	0.015
1155	PM_BEI_075	2019	32	0.029
1156	PM_BEI_076	2019	34	0.035
1157	PM_BEI_077	2019	30	0.018
1158	PM_BEI_078	2019	40	0.052
1159	PM_BEI_079	2019	34	0.033
1160	PM_BEI_080	2019	39	0.07
1161	PM_MUS_001	2019	70	0.38
1162	PM_MUS_002	2019	66	0.263
1163	PM_MUS_003	2019	55	0.138
1164	PM_MUS_004	2019	63	0.161
1165	PM_MUS_005	2019	65	0.269
1166	PM_MUS_006	2019	55	0.15
1167	PM_MUS_007	2019	64	0.251
1168	PM_MUS_008	2019	68	0.36
1169	PM_MUS_009	2019	64	0.278
1170	PM_MUS_010	2019	63	0.252
1171	PM_MUS_011	2019	59	0.124
1172	PM_MUS_012	2019	59	0.192
1173	PM_MUS_013	2019	66	0.231
1174	PM_MUS_014	2019	71	0.378
1175	PM_MUS_015	2019	55	0.154
1176	PM_MUS_016	2019	67	0.314
1177	PM_MUS_017	2019	69	0.397
1178	PM_MUS_018	2019	70	0.358
1179	PM_MUS_019	2019	68	0.319
1180	PM_MUS_020	2019	62	0.197
1181	PM_MUS_021	2019	58	0.165
1182	PM_MUS_022	2019	63	0.279
1183	PM_MUS_023	2019	71	0.366
1184	PM_MUS_024	2019	61	0.196
1185	PM_MUS_025	2019	67	0.326
1186	PM_MUS_026	2019	68	0.345
1187	PM_MUS_027	2019	66	0.335
1188	PM_MUS_028	2019	62	0.24
1189	PM_MUS_029	2019	60	0.223
1190	PM_MUS_030	2019	60	0.254
1191	PM_MUS_031	2019	68	0.438
1192	PM_MUS_032	2019	68	0.318
1193	PM_MUS_033	2019	71	0.427
1194	PM_MUS_034	2019	70	0.405
1195	PM_MUS_035	2019	64	0.269
1196	PM_MUS_036	2019	64	0.25
1197	PM_MUS_037	2019	66	0.329
1198	PM_MUS_038	2019	56	0.172
1199	PM_MUS_039	2019	54	0.154
1200	PM_MUS_040	2019	69	0.376
1201	PM_MUS_041	2019	60	0.264
1202	PM_MUS_042	2019	60	0.17
1203	PM_MUS_043	2019	55	0.223
1204	PM_MUS_044	2019	70	0.405
1205	PM_MUS_045	2019	61	0.247
1206	PM_MUS_046	2019	63	0.207
1207	PM_MUS_047	2019	66	0.245
1208	PM_MUS_048	2019	66	0.281
1209	PM_MUS_049	2019	61	0.21
1210	PM_MUS_050	2019	71	0.463
1211	PM_MUS_051	2019	59	0.215
1212	PM_MUS_052	2019	63	0.293
1213	PM_MUS_053	2019	68	0.258
1214	PM_FOR_001	2019	44	0.046
1215	PM_FOR_002	2019	53	0.12
1216	PM_FOR_003	2019	50	0.101
1217	PM_FOR_004	2019	55	0.194
1218	PM_FOR_005	2019	52	0.111
1219	PM_FOR_006	2019	60	0.224
1220	PM_FOR_007	2019	49	0.084
1221	PM_FOR_008	2019	53	0.14
1222	PM_FOR_009	2019	51	0.108
1223	PM_FOR_010	2019	54	0.15
1224	PM_FOR_011	2019	47	0.107
1225	PM_FOR_012	2019	46	0.098
1226	PM_FOR_013	2019	51	0.129
1227	PM_FOR_014	2019	55	0.174
1228	PM_FOR_015	2019	44	0.073
1229	PM_FOR_016	2019	50	0.085
1230	PM_FOR_017	2019	52	0.103
1231	PM_FOR_018	2019	52	0.105
1232	PM_FOR_019	2019	50	0.079
1233	PM_FOR_020	2019	54	0.101
1234	PM_FOR_021	2019	58	0.178
1235	PM_FOR_022	2019	49	0.089
1236	PM_FOR_023	2019	42	0.039
1237	PM_FOR_024	2019	48	0.083
1238	PM_FOR_025	2019	51	0.086
1239	PM_FOR_026	2019	50	0.099
1240	PM_FOR_027	2019	60	0.203
1241	PM_FOR_028	2019	55	0.134
1242	PM_FOR_029	2019	54	0.109
1243	PM_FOR_030	2019	51	0.123
1244	PM_FOR_031	2019	50	0.077
1245	PM_FOR_032	2019	49	0.081
1246	PM_FOR_033	2019	47	0.063
1247	PM_FOR_034	2019	49	0.092
1248	PM_FOR_035	2019	46	0.072
1249	PM_FOR_036	2019	48	0.08
1250	PM_FOR_037	2019	51	0.109
1251	PM_FOR_038	2019	58	0.15
1252	PM_FOR_039	2019	57	0.16
1253	PM_FOR_040	2019	51	0.096
1254	PM_FOR_041	2019	51	0.08
1255	PM_FOR_042	2019	54	0.147
1256	PM_FOR_043	2019	44	0.057
1257	PM_FOR_044	2019	45	0.065
1258	PM_FOR_045	2019	50	0.106
1259	PM_FOR_046	2019	43	0.077
1260	PM_FOR_047	2019	50	0.126
1261	PM_FOR_048	2019	57	0.225
1262	PM_FOR_049	2019	45	0.092
1263	PM_FOR_050	2019	57	0.2
1264	PM_FOR_051	2019	57	0.202
1265	PM_FOR_052	2019	61	0.119
1266	PM_FOR_053	2019	46	0.097
1267	PM_FOR_054	2019	46	0.101
1268	PM_FOR_055	2019	60	0.168
1269	PM_FOR_056	2019	41	0.039
1270	PM_FOR_057	2019	51	0.109
1271	PM_FOR_058	2019	50	0.103
1272	PM_FOR_059	2019	55	0.116
1273	PM_FOR_060	2019	49	0.124
1274	PM_FOR_061	2019	39	0.032
1275	PM_FOR_062	2019	47	0.076
1276	PM_FOR_063	2019	43	0.052
1277	PM_FOR_064	2019	49	0.113
1278	PM_FOR_065	2019	48	0.075
1279	PM_FOR_066	2019	46	0.12
1280	PM_FOR_067	2019	44	0.061
1281	PM_FOR_068	2019	48	0.067
1282	PM_FOR_069	2019	41	0.062
1283	PM_FOR_070	2019	60	0.162
1284	PM_FOR_071	2019	55	0.152
1285	PM_FOR_072	2019	50	0.088
1286	PM_FOR_073	2019	47	0.083
1287	PM_FOR_074	2019	36	0.026
1288	PM_FOR_075	2019	47	0.076
1289	PM_FOR_076	2019	38	0.049
1290	PM_FOR_077	2019	40	0.043
1291	PM_FOR_078	2019	49	0.087
1292	PM_FOR_079	2019	40	0.047
1293	PM_FOR_080	2019	40	0.062
1294	PM_FOR_081	2019	58	0.214
1295	PM_FOR_082	2019	39	0.045
1296	PM_FOR_083	2019	46	0.072
1297	PM_FOR_084	2019	47	0.081
1298	PM_FOR_085	2019	39	0.042
1299	PM_FOR_086	2019	56	0.159
1300	PM_FOR_087	2019	44	0.09
1301	PM_FOR_088	2019	56	0.142
1302	PM_FOR_089	2019	44	0.053
1303	PM_FOR_090	2019	51	0.122
1304	PM_FOR_091	2019	36	0.029
1305	PM_FOR_092	2019	48	0.083
1306	PM_FOR_093	2019	40	0.047
1307	PM_FOR_094	2019	41	0.038
1308	PM_FOR_095	2019	41	0.059
1309	PM_FOR_096	2019	58	0.183
1310	PM_FOR_097	2019	43	0.061
1311	PM_FOR_098	2019	46	0.085
1312	PM_FOR_099	2019	53	0.13
1313	PM_FOR_100	2019	41	0.051
1314	PM_FOR_101	2019	42	0.064
1315	PM_FOR_102	2019	43	0.057
1316	PM_FOR_103	2019	55	0.163
1317	PM_FOR_104	2019	48	0.098
1318	PM_FOR_105	2019	40	0.05
1319	PM_FOR_106	2019	45	0.073
1320	PM_FOR_107	2019	41	0.049
1321	PM_FOR_108	2019	36	0.036
1322	PM_FOR_109	2019	34	0.035
1323	PM_FOR_110	2019	57	0.162
1324	PM_FOR_111	2019	43	0.065
1325	PM_FOR_112	2019	43	0.06
1326	PM_FOR_113	2019	40	0.049
1327	PM_FOR_114	2019	38	0.04
1328	PM_FOR_115	2019	51	0.092
1329	PM_FOR_116	2019	61	0.185
1330	PM_FOR_117	2019	50	0.115
1331	PM_FOR_118	2019	37	0.044
1332	PM_FOR_119	2019	43	0.068
1333	PM_FOR_120	2019	46	0.075
1334	PM_FOR_121	2019	43	0.078
1335	PM_FOR_122	2019	41	0.063
1336	PM_EAG_001	2019	55	0.198
1337	PM_EAG_002	2019	46	0.112
1338	PM_EAG_003	2019	52	0.183
1339	PM_EAG_004	2019	44	0.069
1340	PM_EAG_005	2019	48	0.098
1341	PM_EAG_006	2019	51	0.124
1342	PM_EAG_007	2019	36	0.053
1343	PM_EAG_008	2019	40	0.06
1344	PM_EAG_009	2019	35	0.048
1345	PM_EAG_010	2019	34	0.028
1346	PM_EAG_011	2019	37	0.051
1347	PM_EAG_012	2019	40	0.078
1348	PM_EAG_013	2019	36	0.047
1349	PM_EAG_014	2019	37	0.051
1350	PM_EAG_015	2019	39	0.062
1351	PM_EAG_016	2019	40	0.07
1352	PM_EAG_017	2019	47	0.118
1353	PM_EAG_018	2019	36	0.036
1354	PM_EAG_019	2019	43	0.078
1355	PM_EAG_020	2019	48	0.148
1356	PM_EAG_021	2019	37	0.047
1357	PM_GRN_001	2019	69	0.3
1358	PM_GRN_002	2019	69	0.439
1359	PM_GRN_003	2019	82	0.803
1360	PM_GRN_004	2019	84	0.81
1361	PM_GRN_005	2019	82	0.788
1362	PM_GRN_006	2019	85	0.822
1363	PM_GRN_007	2019	82	0.75
1364	PM_GRN_008	2019	65	0.43
1365	PM_GRN_009	2019	80	0.796
1366	PM_GRN_010	2019	80	0.707
1367	PM_GRN_011	2019	74	0.614
1368	PM_GRN_012	2019	99	1.439
1369	PM_GRN_013	2019	69	0.512
1370	PM_BRL_001	2019	55	0.289
1371	PM_BRL_002	2019	55	0.215
1372	PM_BRL_003	2019	58	0.272
1373	PM_BRL_004	2019	50	0.186
1374	PM_BRL_005	2019	45	0.108
1375	PM_BRL_006	2019	58	0.316
1376	PM_BRL_007	2019	53	0.207
1377	PM_BRL_008	2019	55	0.217
1378	PM_BRL_009	2019	44	0.123
1379	PM_BRL_010	2019	44	0.115
1380	PM_BRL_011	2019	43	0.104
1381	PM_BRL_012	2019	43	0.095
1382	PM_BRL_013	2019	50	0.156
1383	PM_BRL_014	2019	47	0.118
1384	PM_BRL_015	2019	52	0.205
1385	PM_BRL_016	2019	54	0.205
1386	PM_BRL_017	2019	46	0.137
1387	PM_BRL_018	2019	47	0.11
1388	PM_BRL_019	2019	44	0.107
1389	PM_BRL_020	2019	54	0.217
1390	PM_BRL_021	2019	52	0.224
1391	PM_BRL_022	2019	49	0.174
1392	PM_BRL_023	2019	57	0.249
1393	PM_BRL_024	2019	49	0.186
1394	PM_BRL_025	2019	48	0.172
1395	PM_BRL_026	2019	56	0.239
1396	PM_BRL_027	2019	54	0.238
1397	PM_BRL_028	2019	47	0.142
1398	PM_BRL_029	2019	42	0.95
1399	PM_BRL_030	2019	43	0.95
1400	PM_BRL_031	2019	55	0.229
1401	PM_BRL_032	2019	48	0.139
1402	PM_BRL_033	2019	55	0.236
1403	PM_MIS_001	2019	39	0.027
1404	PM_MIS_002	2019	36	0.03
1405	PM_MIS_003	2019	37	0.027
1406	PM_MIS_004	2019	36	0.028
1407	PM_MIS_005	2019	39	0.043
1408	PM_MIS_006	2019	40	0.041
1409	PM_MIS_007	2019	31	0.027
1410	PM_MIS_008	2019	37	0.036
1411	PM_MIS_009	2019	32	0.033
1412	PM_MIS_010	2019	37	0.045
1413	PM_MIS_011	2019	35	0.027
1414	PM_MIS_012	2019	40	0.054
1415	PM_MIS_013	2019	38	0.031
1416	PM_MIS_014	2019	35	0.032
1417	PM_MIS_015	2019	39	0.047
1418	PM_MIS_016	2019	40	0.061
1419	PM_MIS_017	2019	31	0.028
1420	PM_MIS_018	2019	38	0.051
1421	PM_MIS_019	2019	40	0.052
1422	PM_MIS_020	2019	36	0.029
1423	PM_MIS_021	2019	36	0.031
1424	PM_MIS_022	2019	37	0.039
1425	PM_MIS_023	2019	38	0.034
1426	PM_MIS_024	2019	37	0.027
1427	PM_MIS_025	2019	34	0.027
1428	PM_MIS_026	2019	36	0.027
1429	PM_MIS_027	2019	37	0.035
1430	PM_MIS_028	2019	33	0.027
1431	PM_MIS_029	2019	33	0.034
1432	PM_MIS_030	2019	36	0.032
1433	PM_MIS_031	2019	35	0.028
1434	PM_MIS_032	2019	33	0.026
1435	PM_MIS_033	2019	35	0.032
1436	PM_MIS_034	2019	31	0.027
1437	PM_MIS_035	2019	37	0.031
1438	PM_MIS_036	2019	40	0.046
1439	PM_MIS_037	2019	37	0.035
1440	PM_TWO_001	2019	40	0.071
1441	PM_TWO_002	2019	55	0.224
1442	PM_TWO_003	2019	43	0.067
1443	PM_TWO_004	2019	55	0.183
1444	PM_TWO_005	2019	54	0.194
1445	PM_TWO_006	2019	36	0.049
1446	PM_TWO_007	2019	39	0.051
1447	PM_TWO_008	2019	33	0.033
1448	PM_TWO_009	2019	30	0.026
1449	PM_TWO_010	2019	35	0.038
1450	PM_TWO_011	2019	36	0.052
1451	PM_TWO_012	2019	36	0.042
1452	PM_TWO_013	2019	39	0.052
1453	PM_TWO_014	2019	37	0.052
1454	PM_TWO_015	2019	54	0.142
1455	PM_TWO_016	2019	38	0.042
1456	PM_TWO_017	2019	42	0.082
1457	PM_TWO_018	2019	35	0.037
1458	PM_TWO_019	2019	34	0.038
1459	PM_TWO_020	2019	41	0.06
1460	PM_TWO_021	2019	50	0.108
1461	PM_TWO_022	2019	35	0.041
1462	PM_TWO_023	2019	56	0.19
1463	PM_TWO_024	2019	57	0.2
1464	PM_TWO_025	2019	40	0.042
1465	PM_TWO_026	2019	42	0.067
1466	PM_TWO_027	2019	57	0.165
1467	PM_TWO_028	2019	43	0.084
1468	PM_TWO_029	2019	44	0.084
1469	PM_TWO_030	2019	35	0.046
1470	PM_TWO_031	2019	49	0.111
1471	PM_TWO_032	2019	36	0.043
1472	PM_TWO_033	2019	38	0.045
1473	PM_TWO_034	2019	43	0.08
1474	PM_TWO_035	2019	54	0.115
1475	PM_TWO_036	2019	31	0.036
1476	PM_TWO_037	2019	39	0.066
1477	PM_TWO_038	2019	29	0.03
1478	PM_TWO_039	2019	37	0.04
1479	PM_TWO_040	2019	38	0.061
1480	PM_TWO_041	2019	35	0.059
1481	PM_TWO_042	2019	30	0.031
1482	PM_TWO_043	2019	39	0.066
1483	PM_BAD_001	2019	22	0.011
1484	PM_BAD_002	2019	23	0.009
1485	PM_BAD_003	2019	20	0.007
1486	PM_BAD_004	2019	25	0.012
1487	PM_BAD_005	2019	25	0.014
1488	PM_BAD_006	2019	27	0.018
1489	PM_BAD_007	2019	23	0.008
1490	PM_BAD_008	2019	20	0.006
1491	PM_BAD_009	2019	26	0.011
1492	PM_BAD_010	2019	24	0.011
1493	PM_BAD_011	2019	25	0.008
1494	PM_BAD_012	2019	23	0.01
1495	PM_BAD_013	2019	20	0.003
1496	PM_BAD_014	2019	29	0.017
1497	PM_BAD_015	2019	26	0.015
1498	PM_BAD_016	2019	19	0.003
1499	PM_BAD_017	2019	24	0.011
1500	PM_BAD_018	2019	27	0.018
1501	PM_BAD_019	2019	22	0.011
1502	PM_BAD_020	2019	20	0.006
1503	PM_BAD_021	2019	22	0.013
1504	PM_BAD_022	2019	25	0.017
1505	PM_BAD_023	2019	21	0.008
1506	PM_BAD_024	2019	26	0.018
1507	PM_BAD_025	2019	23	0.011
1508	PM_BAD_026	2019	28	0.018
1509	PM_BAD_027	2019	23	0.011
1510	PM_BAD_028	2019	21	0.008
1511	PM_BAD_029	2019	27	0.018
1512	PM_BAD_030	2019	26	0.014
1513	PM_BAD_031	2019	25	0.013
1514	PM_BAD_032	2019	25	0.014
1515	PM_BAD_033	2019	23	0.014
1516	PM_BAD_034	2019	21	0.008
1517	PM_BAD_035	2019	25	0.012
1518	PM_BAD_036	2019	26	0.014
1519	PM_BAD_037	2019	26	0.015
1520	PM_MIR_001	2017	112	1.584
1521	PM_MIR_002	2017	102	1.103
1522	PM_MIR_003	2017	111	1.757
1523	PM_MIR_004	2017	85	0.554
1524	PM_MIR_005	2017	76	0.592
1525	PM_MIR_006	2017	98	1.261
1526	PM_MIR_007	2017	109	1.647
1527	PM_MIR_008	2017	81	0.606
1528	PM_MIR_009	2017	41	0.047
1529	PM_MIR_010	2017	51	0.117
1530	PM_MIR_011	2017	30	0.033
1531	PM_MIR_012	2017	35	0.044
1532	PM_MIR_013	2017	65	0.358
1533	PM_MIR_014	2017	93	1.088
1534	PM_MIR_015	2017	89	0.811
1535	PM_MIR_016	2017	99	0.989
1536	PM_MIR_017	2017	113	2.367
1537	PM_MIR_018	2017	91	1.073
1538	PM_MIR_019	2017	116	2.148
1539	PM_MIR_020	2017	96	1.106
1540	PM_MIR_021	2017	88	0.863
1541	PM_MIR_022	2017	82	0.833
1542	PM_MIR_023	2017	119	2.211
1543	PM_MIR_024	2017	96	1.084
1544	PM_MIR_025	2017	65	0.266
1545	PM_MIR_026	2017	95	1.201
1546	PM_MIR_027	2017	93	1.145
1547	PM_MIR_028	2017	100	1.868
1548	PM_MIR_029	2017	89	1.007
1549	PM_MIR_030	2017	93	0.935
1550	PM_MIR_031	2017	121	2.284
1551	PM_MIR_032	2017	99	1.539
1552	PM_MIR_033	2017	104	1.848
1553	PM_MIR_034	2017	85	0.718
1554	PM_MIR_035	2017	100	1.115
1555	PM_MIR_036	2017	73	0.428
1556	PM_MIR_037	2017	88	1.131
1557	PM_MIR_038	2017	84	0.635
1558	PM_MIR_039	2017	92	0.797
1559	PM_MIR_040	2017	99	1.506
1560	PM_MIR_041	2017	30	0.024
1561	PM_MIR_042	2017	30	0.035
1562	PM_MIR_043	2017	27	0.019
1563	PM_MIR_044	2017	91	1.006
1564	PM_MIR_045	2017	28	0.019
1565	PM_MIR_046	2017	32	0.027
1566	PM_MIR_047	2017	28	0.023
1567	PM_MIR_048	2017	30	0.028
1568	PM_MIR_049	2017	95	1.04
1569	PM_MIR_050	2017	74	0.383
1570	PM_MIR_051	2017	108	1.64
1571	PM_MIR_052	2017	61	0.27
1572	PM_MIR_053	2017	26	0.016
1573	PM_MIR_054	2017	31	0.032
1574	PM_MIR_055	2017	26	0.019
1575	PM_MIR_056	2017	30	0.023
1576	PM_MIR_057	2017	27	0.023
1577	PM_MIR_058	2017	35	0.035
1578	PM_MIR_059	2017	37	0.053
1579	PM_MIR_060	2017	31	0.022
1580	PM_MIR_061	2017	29	0.016
1581	PM_MIR_062	2017	28	0.013
1582	PM_MIR_063	2017	59	0.215
1583	PM_MIR_064	2017	28	0.018
1584	PM_MIR_065	2017	34	0.04
1585	PM_MIR_066	2017	33	0.028
1586	PM_MIR_067	2017	33	0.024
1587	PM_MIR_068	2017	27	0.015
1588	PM_MIR_069	2017	25	0.015
1589	PM_MIR_070	2017	26	0.011
1590	PM_MIR_071	2017	26	0.013
1591	PM_MIR_072	2017	30	0.013
1592	PM_MIR_073	2017	37	0.048
1593	PM_MIR_074	2017	45	0.107
1594	PM_MIR_075	2017	33	0.02
1595	PM_MIR_076	2017	34	0.034
1596	PM_MIR_077	2017	40	0.071
1597	PM_MIR_078	2017	38	0.043
1598	PM_MIR_079	2017	33	0.038
1599	PM_MIR_080	2017	36	0.05
1600	PM_MIR_081	2017	30	0.025
1601	PM_MIR_082	2017	37	0.057
1602	PM_MIR_083	2017	35	0.047
1603	PM_MIR_084	2017	41	0.06
1604	PM_MIR_085	2017	35	0.049
1605	PM_MIR_086	2017	32	0.025
1606	PM_MIR_087	2017	29	0.028
1607	PM_MIR_088	2017	37	0.053
1608	PM_MIR_089	2017	33	0.039
1609	PM_MIR_090	2017	33	0.045
1610	PM_MIR_091	2017	30	0.025
1611	PM_MIR_092	2017	41	0.101
1612	PM_MIR_093	2017	35	0.069
1613	PM_MIR_094	2017	24	0.016
1614	PM_MIR_095	2017	35	0.038
1615	PM_MIR_096	2017	42	0.086
1616	PM_MIR_097	2017	61	0.391
1617	PM_MIR_098	2017	31	0.042
1618	PM_MIR_099	2017	36	0.051
1619	PM_MIR_100	2017	37	0.066
1620	PM_MIR_101	2017	37	0.073
1621	PM_MIR_102	2017	67	0.264
1622	PM_MIR_103	2017	64	0.286
1623	PM_MIR_104	2017	29	0.017
1624	PM_MIR_105	2017	38	0.068
1625	PM_MIR_106	2017	30	0.02
1626	PM_MIR_107	2017	44	0.093
1627	PM_MIR_108	2017	38	0.044
1628	PM_MIR_109	2017	26	0.01
1629	PM_MIR_110	2017	36	0.034
1630	PM_MIR_111	2017	35	0.04
1631	PM_MIR_112	2017	42	0.073
1632	PM_MIR_113	2017	34	0.029
1633	PM_MIR_114	2017	34	0.031
1634	PM_MIR_115	2017	37	0.048
1635	PM_MIR_116	2017	43	0.09
1636	PM_MIR_117	2017	31	0.015
1637	PM_MIR_118	2017	37	0.057
1638	PM_MIR_119	2017	39	0.044
1639	PM_MIR_120	2017	28	0.01
1640	PM_MIR_121	2017	34	0.02
1641	PM_MIR_122	2017	31	0.021
1642	PM_MIR_123	2017	36	0.032
1643	PM_MIR_124	2017	33	0.022
1644	PM_MIR_125	2017	42	0.059
1645	PM_MIR_126	2017	30	0.022
1646	PM_MIR_127	2017	37	0.036
1647	PM_MIR_128	2017	29	0.017
1648	PM_MIR_129	2017	31	0.026
1649	PM_MIR_130	2017	30	0.029
1650	PM_MIR_131	2017	39	0.058
1651	PM_MIR_132	2017	29	0.025
1652	PM_MIR_133	2017	38	0.06
1653	PM_MIR_134	2017	28	0.017
1654	PM_MIR_135	2017	33	0.028
1655	PM_MIR_136	2017	29	0.024
1656	PM_MIR_137	2017	32	0.03
1657	PM_MIR_138	2017	26	0.012
1658	PM_MIR_139	2017	40	0.069
1659	PM_MIR_140	2017	27	0.031
1660	PM_MIR_141	2017	25	0.016
1661	PM_MIR_142	2017	30	0.018
1662	PM_MIR_143	2017	29	0.014
1663	PM_MIR_144	2017	30	0.021
1664	PM_MIR_145	2017	28	0.018
1665	PM_MIR_146	2017	37	0.042
1666	PM_MIR_147	2017	32	0.033
1667	PM_MIR_148	2017	34	0.026
1668	PM_MIR_149	2017	31	0.028
1669	PM_MIR_150	2017	33	0.03
1670	PM_MIR_151	2017	32	0.021
1671	PM_MIR_152	2017	32	0.026
1672	PM_MIR_153	2017	25	0.011
1673	PM_MIR_154	2017	29	0.008
1674	PM_MIR_155	2017	29	0.017
1675	PM_MIR_156	2017	28	0.016
1676	PM_MIR_157	2017	31	0.024
1677	PM_MIR_158	2017	32	0.025
1678	PM_MIR_159	2017	31	0.012
1679	PM_MIR_160	2017	38	0.042
1680	PM_MIR_161	2017	30	0.022
1681	PM_MIR_162	2017	27	0.01
1682	PM_MIR_163	2017	43	0.101
1683	PM_MIR_164	2017	32	0.034
1684	PM_MIR_165	2017	31	0.017
1685	PM_MIR_166	2017	28	0.014
1686	PM_MIR_167	2017	33	0.035
1687	PM_MIR_168	2017	31	0.034
1688	PM_MIR_169	2017	27	0.017
1689	PM_MIR_170	2017	30	0.02
1690	PM_MIR_171	2017	30	0.017
1691	PM_MIR_172	2017	27	0.015
1692	PM_MIR_173	2017	29	0.021
1693	PM_MIR_174	2017	31	0.024
1694	PM_MIR_175	2017	102	1.755
1695	PM_MIR_176	2017	94	1.11
1696	PM_MIR_177	2017	102	1.342
1697	PM_MIR_178	2017	85	0.68
1698	PM_MIR_179	2017	90	0.924
1699	PM_MIR_180	2017	100	1.459
1700	PM_MIR_181	2017	91	1.135
1701	PM_MIR_182	2017	87	0.885
1702	PM_MIR_183	2017	93	0.99
1703	PM_MIR_184	2017	41	0.111
1704	PM_MIR_185	2017	32	0.025
1705	PM_MIR_186	2017	36	0.05
1706	PM_MIR_187	2017	30	0.024
1707	PM_MIR_188	2017	40	0.065
1708	PM_MIR_189	2017	32	0.026
1709	PM_MIR_190	2017	35	0.032
1710	PM_MIR_191	2017	37	0.05
1711	PM_MIR_192	2017	30	0.012
1712	PM_MIR_193	2017	41	0.049
1713	PM_MIR_194	2017	30	0.019
1714	PM_MIR_195	2017	26	0.01
1715	PM_MIR_196	2017	34	0.023
1716	PM_MIR_197	2017	33	0.024
1717	PM_MIR_198	2017	34	0.043
1718	PM_MIR_199	2017	27	0.018
1719	PM_MIR_200	2017	24	0.011
1720	PM_MIR_201	2017	34	0.027
1721	PM_MIR_202	2017	29	0.012
1722	PM_MIR_203	2017	42	0.074
1723	PM_MIR_204	2017	31	0.024
1724	PM_MIR_205	2017	27	0.008
1725	PM_MIR_206	2017	22	0.007
1726	PM_MIR_207	2017	32	0.024
1727	PM_MIR_208	2017	33	0.026
1728	PM_MIR_209	2017	27	0.015
1729	PM_MIR_210	2017	30	0.013
1730	PM_MIR_211	2017	32	0.02
1731	PM_MIR_212	2017	29	0.014
1732	PM_MIR_213	2017	26	0.009
1733	PM_MIR_214	2017	30	0.019
1734	PM_MIR_215	2017	31	0.024
1735	PM_MIR_216	2017	35	0.049
1736	PM_MIR_217	2017	38	0.048
1737	PM_MIR_218	2017	38	0.055
1738	PM_MIR_219	2017	35	0.03
1739	PM_MIR_220	2017	26	0.01
1740	PM_MIR_221	2017	34	0.033
1741	PM_MIR_222	2017	31	0.018
1742	PM_MIR_223	2017	27	0.014
1743	PM_MIR_224	2017	42	0.064
1744	PM_MIR_225	2017	30	0.014
1745	PM_MIR_226	2017	35	0.043
1746	PM_MIR_227	2017	32	0.019
1747	PM_MIR_228	2017	28	0.012
1748	PM_MIR_229	2017	33	0.021
1749	PM_MIR_230	2017	30	0.012
1750	PM_MIR_231	2017	32	0.033
1751	PM_MIR_232	2017	33	0.029
1752	PM_MIR_233	2017	30	0.023
1753	PM_MIR_234	2017	33	0.029
1754	PM_MIR_235	2017	28	0.005
1755	PM_MIR_236	2017	31	0.013
1756	PM_MIR_237	2017	34	0.044
1757	PM_MIR_238	2017	28	0.012
1758	PM_MIR_239	2017	32	0.028
1759	PM_MIR_240	2017	31	0.016
1760	PM_MIR_241	2017	30	0.015
1761	PM_MIR_242	2017	29	0.011
1762	PM_MIR_243	2017	28	0.011
1763	PM_MIR_244	2017	28	0.011
1764	PM_MIR_245	2017	36	0.046
1765	PM_MIR_246	2017	27	0.014
1766	PM_MIR_247	2017	32	0.021
1767	PM_MIR_248	2017	26	0.013
1768	PM_MIR_249	2017	35	0.034
1769	PM_MIR_250	2017	36	0.033
1770	PM_MIR_251	2017	36	0.046
1771	PM_MIR_252	2017	34	0.03
1772	PM_MIR_253	2017	31	0.017
1773	PM_MIR_254	2017	32	0.02
1774	PM_MIR_255	2017	30	0.013
1775	PM_MIR_256	2017	25	0.005
1776	PM_MIR_257	2017	29	0.014
1777	PM_MIR_258	2017	26	0.006
1778	PM_MIR_259	2017	33	0.021
1779	PM_MIR_260	2017	30	0.014
1780	PM_MIR_261	2017	30	0.018
1781	PM_MIR_262	2017	31	0.016
1782	PM_MIR_263	2017	28	0.015
1783	PM_MIR_264	2017	28	0.014
1784	PM_MIR_265	2017	27	0.014
1785	PM_MIR_266	2017	27	0.017
1786	PM_MIR_267	2017	29	0.016
1787	PM_MIR_268	2017	28	0.009
1788	PM_MIR_269	2017	31	0.02
1789	PM_MIR_270	2017	30	0.02
1790	PM_MIR_271	2017	31	0.021
1791	PM_MIR_272	2017	33	0.021
1792	PM_MIR_273	2017	27	0.018
1793	PM_MIR_274	2017	33	0.023
1794	PM_MIR_275	2017	38	0.048
1795	PM_MIR_276	2017	30	0.015
1796	PM_MIR_277	2017	33	0.034
1797	PM_MIR_278	2017	30	0.018
1798	PM_MIR_279	2017	35	0.044
1799	PM_MIR_280	2017	33	0.02
1800	PM_MIR_281	2017	32	0.023
1801	PM_MIR_282	2017	39	0.05
1802	PM_MIR_283	2017	28	0.011
1803	PM_MIR_284	2017	29	0.012
1804	PM_MIR_285	2017	24	0.006
1805	PM_MIR_286	2017	28	0.017
1806	PM_MIR_287	2017	31	0.019
1807	PM_MIR_288	2017	27	0.017
1808	PM_MIR_289	2017	32	0.021
1809	PM_MIR_290	2017	25	0.008
1810	PM_MIR_291	2017	34	0.019
1811	PM_MIR_292	2017	28	0.012
1812	PM_MIR_293	2017	35	0.036
1813	PM_MIR_294	2017	32	0.012
1814	PM_MIR_295	2017	26	0.006
1815	PM_MIR_296	2017	28	0.017
1816	PM_MIR_297	2017	24	0.009
1817	PM_MIR_298	2017	37	0.051
1818	PM_MIR_299	2017	25	0.013
1819	PM_MIR_300	2017	33	0.018
1820	PM_MIR_301	2017	30	0.029
1821	PM_MIR_302	2017	30	0.02
1822	PM_MIR_303	2017	33	0.019
1823	PM_MIR_304	2017	24	0.006
1824	PM_MIR_305	2017	33	0.018
1825	PM_MIR_306	2017	32	0.025
1826	PM_MIR_307	2017	41	0.081
1827	PM_MIR_308	2017	31	0.023
1828	PM_MIR_309	2017	30	0.019
1829	PM_MIR_310	2017	33	0.02
1830	PM_MIR_311	2017	36	0.049
1831	PM_MIR_312	2017	27	0.011
1832	PM_MIR_313	2017	31	0.024
1833	PM_MIR_314	2017	28	0.013
1834	PM_MIR_315	2017	27	0.01
1835	PM_MIR_316	2017	31	0.028
1836	PM_MIR_317	2017	30	0.021
1837	PM_MIR_318	2017	28	0.014
1838	PM_MIR_319	2017	31	0.023
1839	PM_MIR_320	2017	22	0.006
1840	PM_MIR_321	2017	31	0.021
1841	PM_MIR_322	2017	34	0.023
1842	PM_MIR_323	2017	30	0.015
1843	PM_MIR_324	2017	36	0.047
1844	PM_MIR_325	2017	32	0.019
1845	PM_MIR_326	2017	32	0.021
1846	PM_MIR_327	2017	31	0.014
1847	PM_MIR_328	2017	32	0.029
1848	PM_MIR_329	2017	26	0.009
1849	PM_MIR_330	2017	28	0.015
1850	PM_MIR_331	2017	34	0.035
1851	PM_MIR_332	2017	29	0.016
1852	PM_MIR_333	2017	27	0.014
1853	PM_MIR_334	2017	32	0.023
1854	PM_MIR_335	2017	31	0.026
1855	PM_MIR_336	2017	33	0.024
1856	PM_MIR_337	2017	31	0.028
1857	PM_MIR_338	2017	31	0.027
1858	PM_MIR_339	2017	27	0.008
1859	PM_MIR_340	2017	36	0.028
1860	PM_MIR_341	2017	37	0.048
1861	PM_MIR_342	2017	28	0.009
1862	PM_MIR_343	2017	33	0.023
1863	PM_MIR_344	2017	29	0.02
1864	PM_MIR_345	2017	33	0.026
1865	PM_MIR_346	2017	31	0.016
1866	PM_MIR_347	2017	25	0.005
1867	PM_MIR_348	2017	38	0.054
1868	PM_MIR_349	2017	35	0.031
1869	PM_MIR_350	2017	31	0.018
1870	PM_MIR_351	2017	28	0.015
1871	PM_MIR_352	2017	32	0.021
1872	PM_MIR_353	2017	38	0.066
1873	PM_MIR_354	2017	35	0.037
1874	PM_MIR_355	2017	33	0.017
1875	PM_MIR_356	2017	37	0.052
1876	PM_MIR_357	2017	30	0.009
1877	PM_MIR_358	2017	30	0.013
1878	PM_MIR_359	2017	37	0.031
1879	PM_MIR_360	2017	30	0.018
1880	PM_MIR_361	2017	29	0.008
1881	PM_MIR_362	2017	40	0.047
1882	PM_MIR_363	2017	23	0.008
1883	PM_MIR_364	2017	29	0.013
1884	PM_MIR_365	2017	25	0.013
1885	PM_MIR_366	2017	27	0.012
1886	PM_MIR_367	2017	33	0.022
1887	PM_MIR_368	2017	35	0.036
1888	PM_MIR_369	2017	30	0.014
1889	PM_MIR_370	2017	30	0.019
1890	PM_MIR_371	2017	26	0.01
1891	PM_MIR_372	2017	33	0.024
1892	PM_MIR_373	2017	31	0.012
1893	PM_MIR_374	2017	31	0.018
1894	PM_MIR_375	2017	37	0.05
1895	PM_MIR_376	2017	30	0.015
1896	PM_MIR_377	2017	29	0.014
1897	PM_MIR_378	2017	27	0.016
1898	PM_MIR_379	2017	31	0.015
1899	PM_MIR_380	2017	40	0.087
1900	PM_MIR_381	2017	35	0.032
1901	PM_MIR_382	2017	30	0.012
1902	PM_MIR_383	2017	30	0.029
1903	PM_MIR_384	2017	28	0.02
1904	PM_MIR_385	2017	34	0.031
1905	PM_MIR_386	2017	28	0.023
1906	PM_MIR_387	2017	28	0.009
1907	PM_MIR_388	2017	31	0.027
1908	PM_MIR_389	2017	35	0.019
1909	PM_MIR_390	2017	31	0.018
1910	PM_MIR_391	2017	31	0.013
1911	PM_MIR_392	2017	28	0.012
1912	PM_MIR_393	2017	26	0.008
1913	PM_MIR_394	2017	30	0.013
1914	PM_MIR_395	2017	26	0.008
1915	PM_MIR_396	2017	33	0.032
1916	PM_MIR_397	2017	40	0.072
1917	PM_MIR_398	2017	28	0.018
1918	PM_MIR_399	2017	29	0.01
1919	PM_MIR_400	2017	32	0.023
1920	PM_MIR_401	2017	25	0.005
1921	PM_MIR_402	2017	33	0.025
1922	PM_MIR_403	2017	27	0.016
1923	PM_MIR_404	2017	27	0.015
1924	PM_MIR_405	2017	28	0.012
1925	PM_MIR_406	2017	28	0.021
1926	PM_MIR_407	2017	35	0.03
1927	PM_MIR_408	2017	31	0.021
1928	PM_MIR_409	2017	34	0.066
1929	PM_MIR_410	2017	36	0.04
1930	PM_MIR_411	2017	27	0.012
1931	PM_MIR_412	2017	38	0.043
1932	PM_MIR_413	2017	35	0.042
1933	PM_MIR_414	2017	25	0.008
1934	PM_MIR_415	2017	35	0.022
1935	PM_MIR_416	2017	22	0.007
1936	PM_MIR_417	2017	33	0.034
1937	PM_MIR_418	2017	36	0.04
1938	PM_MIR_419	2017	31	0.023
1939	PM_MIR_420	2017	25	0.011
1940	PM_MIR_421	2017	27	0.011
1941	PM_MIR_422	2017	37	0.026
1942	PM_MIR_423	2017	34	0.04
1943	PM_MIR_424	2017	28	0.014
1944	PM_MIR_425	2017	35	0.029
1945	PM_MIR_426	2017	32	0.023
1946	PM_MIR_427	2017	29	0.018
1947	PM_MIR_428	2017	28	0.013
1948	PM_MIR_429	2017	29	0.014
1949	PM_MIR_430	2017	35	0.027
1950	PM_MIR_431	2017	31	0.014
1951	PM_MIR_432	2017	31	0.022
1952	PM_MIR_433	2017	33	0.015
1953	PM_MIR_434	2017	27	0.008
1954	PM_MIR_435	2017	34	0.039
1955	PM_MIR_436	2017	28	0.014
1956	PM_MIR_437	2017	26	0.008
1957	PM_MIR_438	2017	31	0.02
1958	PM_MIR_439	2017	27	0.013
1959	PM_MIR_440	2017	27	0.009
1960	PM_MIR_441	2017	24	0.007
1961	PM_MIR_442	2017	28	0.013
1962	PM_MIR_443	2017	28	0.014
1963	PM_MIR_444	2017	33	0.017
1964	PM_MIR_445	2017	31	0.025
1965	PM_MIR_446	2017	30	0.018
1966	PM_MIR_447	2017	27	0.01
1967	PM_MIR_448	2017	35	0.031
1968	PM_MIR_449	2017	33	0.02
1969	PM_MIR_450	2017	28	0.008
1970	PM_MIR_451	2017	31	0.02
1971	PM_MIR_452	2017	30	0.02
1972	PM_MIR_453	2017	30	0.015
1973	PM_MIR_454	2017	36	0.038
1974	PM_MIR_455	2017	29	0.018
1975	PM_MIR_456	2017	27	0.007
1976	PM_MIR_457	2017	34	0.021
1977	PM_MIR_458	2017	36	0.024
1978	PM_MIR_459	2017	30	0.014
1979	PM_MIR_460	2017	32	0.018
1980	PM_MIR_461	2017	32	0.014
1981	PM_MIR_462	2017	30	0.014
1982	PM_MIR_463	2017	36	0.045
1983	PM_MIR_464	2017	29	0.015
1984	PM_MIR_465	2017	30	0.02
1985	PM_MIR_466	2017	26	0.005
1986	PM_MIR_467	2017	34	0.026
1987	PM_MIR_468	2017	30	0.017
1988	PM_MIR_469	2017	36	0.036
1989	PM_MIR_470	2017	27	0.016
1990	PM_MIR_471	2017	34	0.039
1991	PM_MIR_472	2017	31	0.028
1992	PM_MIR_473	2017	32	0.029
1993	PM_MIR_474	2017	29	0.016
1994	PM_MIR_475	2017	33	0.021
1995	PM_MIR_476	2017	28	0.032
1996	PM_MIR_477	2017	33	0.024
1997	PM_MIR_478	2017	23	0.01
1998	PM_MIR_479	2017	26	0.012
1999	PM_MIR_480	2017	29	0.013
2000	PM_MIR_481	2017	31	0.019
2001	PM_MIR_482	2017	30	0.023
2002	PM_MIR_483	2017	32	0.022
2003	PM_MIR_484	2017	35	0.031
2004	PM_MIR_485	2017	24	0.006
2005	PM_MIR_486	2017	30	0.011
2006	PM_MIR_487	2017	24	0.007
2007	PM_MIR_488	2017	32	0.023
2008	PM_MIR_489	2017	30	0.014
2009	PM_MIR_490	2017	25	0.006
2010	PM_MIR_491	2017	28	0.016
2011	PM_MIR_492	2017	25	0.01
2012	PM_MIR_493	2017	25	0.007
2013	PM_MIR_494	2017	34	0.039
2014	PM_MIR_495	2017	27	0.009
2015	PM_MIR_496	2017	32	0.029
2016	PM_MIR_497	2017	27	0.015
2017	PM_MIR_498	2017	32	0.027
2018	PM_MIR_499	2017	40	0.054
2019	PM_MIR_500	2017	27	0.013
2020	PM_MIR_501	2017	26	0.01
2021	PM_MIR_502	2017	30	0.016
2022	PM_MIR_503	2017	33	0.029
2023	PM_MIR_504	2017	29	0.017
2024	PM_MIR_505	2017	35	0.03
2025	PM_MIR_506	2017	35	0.038
2026	PM_MIR_507	2017	23	0.005
2027	PM_MIR_508	2017	25	0.009
2028	PM_MIR_509	2017	38	0.036
2029	PM_MIR_510	2017	24	0.005
2030	PM_MIR_511	2017	30	0.019
2031	PM_MIR_512	2017	30	0.026
2032	PM_MIR_513	2017	24	0.005
2033	PM_MIR_514	2017	37	0.053
2034	PM_MIR_515	2017	33	0.026
2035	PM_MIR_516	2017	48	0.12
2036	PM_MIR_517	2017	24	0.008
2037	PM_MIR_518	2017	35	0.046
2038	PM_MIR_519	2017	26	0.01
2039	PM_MIR_520	2017	25	0.011
2040	PM_MIR_521	2017	30	0.028
2041	PM_MIR_522	2017	29	0.012
2042	PM_MIR_523	2017	33	0.023
2043	PM_MIR_524	2017	30	0.032
2044	PM_MIR_525	2017	30	0.018
2045	PM_MIR_526	2017	24	0.009
2046	PM_MIR_527	2017	33	0.033
2047	PM_MIR_528	2017	35	0.023
2048	PM_MIR_529	2017	30	0.022
2049	PM_MIR_530	2017	33	0.025
2050	PM_MIR_531	2017	26	0.01
2051	PM_MIR_532	2017	33	0.028
2052	PM_MIR_533	2017	31	0.021
2053	PM_MIR_534	2017	24	0.011
2054	PM_MIR_535	2017	33	0.034
2055	PM_MIR_536	2017	27	0.011
2056	PM_MIR_537	2017	33	0.033
2057	PM_MIR_538	2017	36	0.051
2058	PM_MIR_539	2017	36	0.033
2059	PM_MIR_540	2017	26	0.011
2060	PM_MIR_541	2017	32	0.03
2061	PM_MIR_542	2017	27	0.017
2062	PM_MIR_543	2017	29	0.02
2063	PM_MIR_544	2017	29	0.024
2064	PM_MIR_545	2017	25	0.009
2065	PM_MIR_546	2017	25	0.011
2066	PM_MIR_547	2017	27	0.014
2067	PM_MIR_548	2017	31	0.021
2068	PM_MIR_549	2017	29	0.015
2069	PM_MIR_550	2017	31	0.023
2070	PM_MIR_551	2017	28	0.011
2071	PM_MIR_552	2017	25	0.009
2072	PM_MIR_553	2017	32	0.021
2073	PM_MIR_554	2017	32	0.024
2074	PM_MIR_555	2017	32	0.03
2075	PM_MIR_556	2017	35	0.045
2076	PM_MIR_557	2017	33	0.02
2077	PM_MIR_558	2017	34	0.036
2078	PM_MIR_559	2017	35	0.029
2079	PM_MIR_560	2017	36	0.047
2080	PM_MIR_561	2017	41	0.097
2081	PM_MIR_562	2017	33	0.026
2082	PM_MIR_563	2017	35	0.044
2083	PM_MIR_564	2017	33	0.024
2084	PM_MIR_565	2017	32	0.026
2085	PM_MIR_566	2017	30	0.02
2086	PM_MIR_567	2017	37	0.055
2087	PM_MIR_568	2017	30	0.021
2088	PM_MIR_569	2017	33	0.023
2089	PM_MIR_570	2017	37	0.054
2090	PM_MIR_571	2017	42	0.08
2091	PM_MIR_572	2017	34	0.033
2092	PM_MIR_573	2017	30	0.02
2093	PM_MIR_574	2017	33	0.015
2094	PM_MIR_575	2017	40	0.03
2095	PM_MIR_576	2017	33	0.03
2096	PM_MIR_577	2017	36	0.032
2097	PM_MIR_578	2017	33	0.021
2098	PM_MIR_579	2017	31	0.014
2099	PM_MIR_580	2017	34	0.037
2100	PM_MIR_581	2017	41	0.08
2101	PM_MIR_582	2017	40	0.077
2102	PM_MIR_583	2017	34	0.036
2103	PM_MIR_584	2017	37	0.059
2104	PM_MIR_585	2017	41	0.062
2105	PM_MIR_586	2017	31	0.023
2106	PM_MIR_587	2017	44	0.109
2107	PM_MIR_588	2017	40	0.066
2108	PM_MIR_589	2017	37	0.054
2109	PM_MIR_590	2017	30	0.021
2110	PM_MIR_591	2017	38	0.057
2111	PM_MIR_592	2017	42	0.087
2112	PM_MIR_593	2017	36	0.052
2113	PM_MIR_594	2017	33	0.02
2114	PM_MIR_595	2017	40	0.057
2115	PM_MIR_596	2017	37	0.037
2116	PM_MIR_597	2017	37	0.052
2117	PM_MIR_598	2017	38	0.05
2118	PM_MIR_599	2017	39	0.057
2119	PM_MIR_600	2017	32	0.023
2120	PM_MIR_601	2017	41	0.075
2121	PM_MIR_602	2017	31	0.025
2122	PM_MIR_603	2017	37	0.038
2123	PM_MIR_604	2017	50	0.202
2124	PM_MIR_605	2017	30	0.016
2125	PM_MIR_606	2017	47	0.165
2126	PM_MIR_607	2017	41	0.102
2127	PM_MIR_608	2017	42	0.093
2128	PM_MIR_609	2017	33	0.029
2129	PM_MIR_610	2017	40	0.08
2130	PM_MIR_611	2017	29	0.013
2131	PM_MIR_612	2017	38	0.062
2132	PM_MIR_613	2017	36	0.036
2133	PM_MIR_614	2017	36	0.047
2134	PM_MIR_615	2017	29	0.02
2135	PM_MIR_616	2017	38	0.051
2136	PM_MIR_617	2017	35	0.036
2137	PM_MIR_618	2017	35	0.029
2138	PM_MIR_619	2017	34	0.037
2139	PM_MIR_620	2017	37	0.059
2140	PM_MIR_621	2017	37	0.049
2141	PM_MIR_622	2017	33	0.039
2142	PM_MIR_623	2017	35	0.037
2143	PM_MIR_624	2017	36	0.053
2144	PM_MIR_625	2017	35	0.033
2145	PM_MIR_626	2017	39	0.057
2146	PM_MIR_627	2017	33	0.032
2147	PM_MIR_628	2017	30	0.021
2148	PM_MIR_629	2017	28	0.026
2149	PM_MIR_630	2017	30	0.023
2150	PM_MIR_631	2017	36	0.065
2151	PM_MIR_632	2017	33	0.034
2152	PM_MIR_633	2017	40	0.059
2153	PM_MIR_634	2017	34	0.037
2154	PM_MIR_635	2017	30	0.03
2155	PM_MIR_636	2017	35	0.043
2156	PM_MIR_637	2017	28	0.023
2157	PM_MIR_638	2017	27	0.018
2158	PM_MIR_639	2017	36	0.059
2159	PM_MIR_640	2017	38	0.052
2160	PM_MIR_641	2017	30	0.022
2161	PM_MIR_642	2017	29	0.011
2162	PM_MIR_643	2017	24	0.009
2163	PM_MIR_644	2017	31	0.016
2164	PM_MIR_645	2017	35	0.026
2165	PM_MIR_646	2017	34	0.038
2166	PM_MIR_647	2017	35	0.012
2167	PM_MIR_648	2017	33	0.039
2168	PM_MIR_649	2017	25	0.01
2169	PM_MIR_650	2017	34	0.046
2170	PM_MIR_651	2017	27	0.017
2171	PM_MIR_652	2017	39	0.036
2172	PM_MIR_653	2017	31	0.027
2173	PM_MIR_654	2017	28	0.027
2174	PM_MIR_655	2017	33	0.033
2175	PM_MIR_656	2017	31	0.019
2176	PM_MIR_657	2017	29	0.013
2177	PM_MIR_658	2017	31	0.027
2178	PM_MIR_659	2017	27	0.012
2179	PM_MIR_660	2017	33	0.029
2180	PM_MIR_661	2017	30	0.02
2181	PM_MIR_662	2017	30	0.022
2182	PM_MIR_663	2017	28	0.012