Output from NeEstimator v2.1
Starting time: Fri Jan 14 20:20:24 2022
Input File: "BADNeestimator_2019.txt"

Number of Loci = 2810

Non-polymorphic loci:     4,    22,    40,    57,    58,    65,    70,    96,
          118,   128,   164,   177,   178,   179,   186,   196,   215,   227,
          229,   246,   250,   291,   295,   297,   301,   331,   343,   348,
          349,   366,   373,   376,   386,   400,   401,   407,   417,   435,
          443,   448,   460,   461,   469,   497,   505,   515,   541,   545,
          547,   551,   554,   571,   616,   628,   631,   663,   666,   669,
          712,   748,   753,   760,   770,   790,   798,   803,   812,   814,
          829,   838,   846,   870,   888,   890,   932,   936,   938,   941,
          945,  1017,  1032,  1034,  1049,  1050,  1066,  1073,  1085,  1089,
         1097,  1115,  1129,  1142,  1149,  1165,  1169,  1192,  1240,  1275,
         1276,  1278,  1291,  1299,  1319,  1335,  1351,  1352,  1394,  1411,
         1437,  1444,  1476,  1503,  1538,  1551,  1552,  1583,  1605,  1607,
         1615,  1648,  1654,  1660,  1668,  1669,  1679,  1688,  1695,  1717,
         1739,  1751,  1772,  1782,  1785,  1803,  1804,  1805,  1806,  1826,
         1827,  1828,  1869,  1871,  1874,  1878,  1895,  1896,  1898,  1906,
         1925,  1945,  1964,  1967,  1976,  1993,  2001,  2004,  2023,  2028,
         2029,  2030,  2052,  2055,  2074,  2078,  2109,  2126,  2134,  2156,
         2185,  2216,  2218,  2226,  2235,  2242,  2259,  2265,  2283,  2293,
         2308,  2309,  2311,  2317,  2335,  2343,  2356,  2362,  2372,  2391,
         2423,  2431,  2446,  2486,  2515,  2552,  2574,  2592,  2595,  2600,
         2601,  2612,  2647,  2667,  2696,  2708,  2710,  2711,  2712,  2721,
         2733,  2764,  2766,  2767
Total non-polymorphic = 212

LD mating model: Random

(Symbol "No S*" in Frequency means that NO Singleton Alleles are accepted.)

Population     1 [PM_BAD_001]  (Number of Individuals = 37)
****************
--------------------------------------------------------------
Lowest Allele Frequency Used     0.050       No S*         0+
--------------------------------------------------------------

LINKAGE DISEQUILIBRIUM METHOD

Harmonic Mean Sample Size =       24.4        28.7        25.9
Independent Comparisons =    2364653     2754599     3285003
OverAll r^2 =                 0.098469    0.091969    0.087127
Expected r^2 Sample =         0.038353    0.035522    0.036576
Estimated Ne^ =                    2.6         2.7         3.0

95% CIs for Ne^
* Parametric                       2.6         2.7         3.0
                                   2.6         2.7         3.1

* JackKnife on Samples             2.1         2.3         2.5
                                   3.1         3.3         4.9

**************************************************************

Ending time: Fri Jan 14 20:21:07 2022
-------------------------------------

