Output from NeEstimator v2.1
Starting time: Fri Jan 14 17:33:23 2022
Input File: "MIRNeestimator_2019.txt"

Number of Loci = 3018

Non-polymorphic loci:     4,     5,     6,     8,     9,    11,    12,    15,
           16,    17,    21,    23,    25,    27,    30,    31,    33,    34,
           36,    37,    39,    41,    42,    43,    45,    46,    48,    50,
           53,    54,    56,    60,    62,    65,    66,    69,    71,    72,
           74,    75,    76,    77,    80,    87,    90,    92,    93,    94,
           95,    97,   100,   101,   107,   108,   109,   113,   116,   117,
          118,   119,   120,   122,   124,   128,   129,   132,   141,   146,
          148,   149,   150,   151,   153,   154,   155,   156,   158,   161,
          169,   170,   174,   175,   180,   181,   183,   184,   186,   187,
          190,   192,   195,   197,   198,   199,   200,   202,   210,   212,
          216,   219,   220,   221,   222,   223,   224,   225,   226,   229,
          230,   231,   232,   233,   234,   238,   239,   240,   242,   245,
          248,   250,   251,   255,   257,   258,   262,   263,   264,   267,
          268,   272,   275,   277,   279,   280,   281,   282,   283,   284,
          286,   288,   290,   291,   292,   296,   299,   301,   303,   304,
          308,   309,   310,   313,   316,   318,   320,   321,   322,   327,
          328,   334,   335,   341,   342,   344,   348,   349,   350,   352,
          354,   355,   357,   358,   359,   360,   363,   364,   365,   373,
          379,   380,   381,   382,   385,   387,   394,   397,   401,   406,
          408,   409,   410,   411,   412,   413,   414,   415,   418,   419,
          422,   423,   424,   426,   427,   428,   429,   430,   431,   433,
          435,   436,   440,   441,   443,   444,   447,   448,   452,   456,
          457,   458,   459,   462,   463,   465,   468,   471,   473,   474,
          476,   477,   479,   480,   486,   487,   488,   491,   492,   496,
          497,   498,   502,   505,   507,   511,   513,   514,   515,   516,
          517,   521,   526,   527,   528,   530,   533,   537,   538,   544,
          547,   549,   550,   551,   555,   557,   558,   560,   562,   564,
          565,   568,   569,   574,   578,   579,   580,   583,   585,   586,
          587,   590,   593,   595,   596,   597,   598,   600,   602,   603,
          610,   611,   613,   614,   615,   617,   620,   621,   628,   634,
          635,   637,   638,   641,   646,   650,   653,   654,   655,   656,
          660,   664,   665,   667,   668,   671,   673,   675,   676,   677,
          679,   681,   682,   684,   687,   692,   693,   701,   704,   705,
          706,   707,   708,   712,   713,   714,   716,   719,   722,   723,
          727,   729,   731,   734,   735,   736,   739,   742,   743,   745,
          748,   752,   753,   755,   756,   758,   760,   761,   764,   766,
          767,   769,   770,   771,   773,   775,   776,   777,   778,   780,
          782,   785,   786,   792,   793,   801,   803,   804,   805,   807,
          808,   810,   811,   812,   813,   815,   816,   817,   818,   819,
          820,   823,   825,   828,   829,   835,   836,   837,   839,   843,
          844,   845,   848,   851,   853,   855,   857,   858,   859,   861,
          862,   865,   867,   869,   870,   871,   872,   873,   875,   878,
          879,   886,   887,   890,   891,   900,   907,   912,   916,   921,
          922,   923,   925,   927,   928,   931,   932,   933,   934,   935,
          937,   940,   943,   944,   947,   948,   949,   951,   953,   954,
          957,   960,   961,   962,   964,   967,   968,   971,   972,   976,
          978,   980,   981,   983,   985,   986,   989,   992,   993,   995,
          997,  1001,  1003,  1004,  1006,  1011,  1015,  1016,  1017,  1018,
         1019,  1022,  1024,  1025,  1026,  1032,  1034,  1037,  1038,  1040,
         1041,  1046,  1058,  1060,  1062,  1067,  1070,  1071,  1072,  1076,
         1079,  1082,  1083,  1086,  1088,  1089,  1090,  1091,  1092,  1093,
         1101,  1102,  1103,  1113,  1114,  1116,  1118,  1122,  1126,  1127,
         1130,  1132,  1133,  1138,  1140,  1143,  1144,  1146,  1148,  1149,
         1150,  1151,  1152,  1153,  1158,  1161,  1162,  1163,  1165,  1166,
         1168,  1170,  1172,  1173,  1174,  1177,  1178,  1182,  1187,  1188,
         1189,  1190,  1192,  1193,  1197,  1199,  1200,  1204,  1206,  1211,
         1217,  1218,  1219,  1220,  1221,  1222,  1223,  1227,  1228,  1230,
         1231,  1234,  1235,  1237,  1238,  1239,  1240,  1246,  1247,  1249,
         1251,  1253,  1254,  1257,  1260,  1264,  1266,  1269,  1270,  1272,
         1281,  1282,  1284,  1285,  1286,  1287,  1288,  1289,  1290,  1292,
         1293,  1294,  1295,  1297,  1298,  1300,  1305,  1308,  1309,  1310,
         1311,  1312,  1314,  1315,  1316,  1319,  1321,  1326,  1328,  1331,
         1334,  1335,  1337,  1340,  1343,  1344,  1345,  1348,  1349,  1350,
         1352,  1354,  1355,  1356,  1357,  1358,  1361,  1362,  1363,  1364,
         1365,  1369,  1373,  1374,  1375,  1378,  1379,  1382,  1384,  1385,
         1386,  1387,  1388,  1390,  1391,  1394,  1396,  1397,  1400,  1402,
         1407,  1410,  1411,  1412,  1413,  1414,  1415,  1418,  1420,  1421,
         1425,  1427,  1431,  1432,  1433,  1437,  1438,  1439,  1441,  1447,
         1451,  1453,  1455,  1456,  1460,  1461,  1462,  1463,  1466,  1467,
         1468,  1470,  1475,  1480,  1483,  1484,  1485,  1486,  1490,  1495,
         1496,  1497,  1499,  1500,  1501,  1503,  1505,  1508,  1509,  1510,
         1511,  1513,  1514,  1519,  1520,  1521,  1522,  1524,  1526,  1527,
         1529,  1530,  1531,  1535,  1538,  1539,  1540,  1541,  1543,  1545,
         1547,  1549,  1550,  1552,  1554,  1556,  1557,  1558,  1560,  1562,
         1563,  1564,  1565,  1567,  1568,  1570,  1571,  1572,  1577,  1580,
         1584,  1585,  1586,  1587,  1588,  1589,  1594,  1596,  1597,  1601,
         1603,  1604,  1605,  1606,  1609,  1610,  1612,  1613,  1614,  1624,
         1625,  1626,  1628,  1630,  1633,  1637,  1641,  1645,  1651,  1656,
         1661,  1663,  1665,  1666,  1667,  1670,  1679,  1680,  1681,  1687,
         1689,  1690,  1693,  1694,  1695,  1697,  1698,  1700,  1701,  1703,
         1704,  1705,  1708,  1710,  1711,  1713,  1714,  1716,  1721,  1722,
         1723,  1725,  1727,  1728,  1732,  1736,  1739,  1740,  1741,  1742,
         1745,  1748,  1751,  1754,  1757,  1759,  1760,  1764,  1765,  1767,
         1769,  1772,  1777,  1778,  1779,  1782,  1783,  1784,  1786,  1789,
         1790,  1791,  1798,  1799,  1803,  1807,  1809,  1814,  1815,  1817,
         1818,  1819,  1820,  1821,  1822,  1823,  1824,  1826,  1828,  1831,
         1832,  1834,  1841,  1845,  1852,  1853,  1856,  1859,  1860,  1861,
         1863,  1867,  1868,  1869,  1870,  1871,  1872,  1877,  1878,  1881,
         1882,  1884,  1885,  1886,  1888,  1891,  1897,  1901,  1903,  1904,
         1905,  1907,  1909,  1910,  1912,  1917,  1918,  1921,  1923,  1926,
         1928,  1930,  1934,  1935,  1938,  1942,  1946,  1947,  1951,  1953,
         1954,  1955,  1957,  1958,  1961,  1963,  1964,  1965,  1966,  1967,
         1969,  1971,  1972,  1974,  1975,  1977,  1981,  1983,  1985,  1987,
         1990,  1991,  1992,  1993,  1995,  1996,  1997,  1998,  1999,  2005,
         2006,  2007,  2010,  2011,  2013,  2017,  2019,  2022,  2028,  2036,
         2039,  2040,  2041,  2044,  2045,  2052,  2053,  2056,  2057,  2059,
         2061,  2063,  2065,  2068,  2069,  2071,  2073,  2081,  2082,  2087,
         2089,  2092,  2093,  2098,  2100,  2101,  2102,  2103,  2107,  2111,
         2112,  2117,  2119,  2122,  2124,  2125,  2127,  2129,  2135,  2137,
         2140,  2142,  2143,  2147,  2148,  2149,  2151,  2155,  2157,  2159,
         2163,  2168,  2169,  2170,  2176,  2177,  2179,  2181,  2182,  2184,
         2188,  2189,  2190,  2192,  2193,  2196,  2198,  2200,  2204,  2205,
         2206,  2212,  2213,  2214,  2215,  2217,  2219,  2221,  2223,  2224,
         2225,  2228,  2233,  2238,  2244,  2245,  2246,  2249,  2251,  2256,
         2260,  2262,  2263,  2265,  2267,  2268,  2269,  2270,  2272,  2275,
         2278,  2280,  2281,  2283,  2285,  2287,  2289,  2290,  2293,  2300,
         2302,  2304,  2306,  2311,  2313,  2315,  2319,  2320,  2321,  2323,
         2326,  2328,  2338,  2341,  2343,  2350,  2359,  2363,  2364,  2365,
         2369,  2371,  2372,  2373,  2377,  2379,  2380,  2381,  2384,  2385,
         2387,  2388,  2395,  2396,  2400,  2401,  2404,  2405,  2407,  2409,
         2411,  2412,  2413,  2415,  2416,  2417,  2419,  2420,  2422,  2424,
         2427,  2428,  2431,  2432,  2434,  2435,  2437,  2441,  2442,  2444,
         2449,  2450,  2451,  2452,  2453,  2454,  2456,  2457,  2463,  2465,
         2466,  2470,  2471,  2472,  2473,  2474,  2475,  2477,  2478,  2480,
         2481,  2482,  2486,  2490,  2491,  2493,  2496,  2497,  2498,  2499,
         2500,  2501,  2502,  2504,  2505,  2506,  2509,  2510,  2513,  2515,
         2516,  2517,  2518,  2521,  2522,  2525,  2527,  2531,  2533,  2534,
         2535,  2537,  2539,  2540,  2543,  2544,  2547,  2548,  2549,  2550,
         2552,  2561,  2562,  2564,  2567,  2570,  2571,  2572,  2573,  2576,
         2577,  2581,  2584,  2586,  2601,  2602,  2603,  2607,  2609,  2610,
         2614,  2616,  2617,  2618,  2619,  2622,  2623,  2624,  2626,  2627,
         2628,  2631,  2632,  2639,  2640,  2644,  2645,  2654,  2655,  2658,
         2660,  2662,  2664,  2665,  2666,  2672,  2675,  2676,  2677,  2678,
         2679,  2683,  2684,  2685,  2687,  2689,  2691,  2695,  2698,  2700,
         2704,  2705,  2711,  2712,  2713,  2714,  2715,  2716,  2717,  2721,
         2722,  2727,  2728,  2733,  2734,  2735,  2736,  2738,  2739,  2740,
         2741,  2742,  2743,  2745,  2746,  2749,  2751,  2752,  2758,  2759,
         2770,  2772,  2773,  2776,  2777,  2778,  2779,  2781,  2783,  2784,
         2785,  2790,  2793,  2794,  2798,  2804,  2805,  2808,  2812,  2813,
         2814,  2816,  2818,  2820,  2821,  2823,  2824,  2828,  2830,  2832,
         2835,  2836,  2846,  2847,  2849,  2850,  2851,  2852,  2854,  2856,
         2857,  2858,  2860,  2862,  2864,  2865,  2866,  2871,  2874,  2877,
         2878,  2880,  2881,  2882,  2884,  2885,  2886,  2889,  2893,  2897,
         2898,  2899,  2900,  2902,  2903,  2907,  2908,  2910,  2919,  2920,
         2921,  2922,  2923,  2924,  2925,  2927,  2928,  2929,  2930,  2931,
         2932,  2933,  2934,  2935,  2938,  2939,  2940,  2941,  2942,  2944,
         2945,  2946,  2948,  2952,  2953,  2955,  2956,  2958,  2959,  2961,
         2963,  2964,  2965,  2966,  2969,  2970,  2971,  2973,  2975,  2976,
         2977,  2980,  2982,  2983,  2985,  2988,  2990,  2993,  2994,  2996,
         2997,  2998,  2999,  3001,  3003,  3004,  3005,  3006,  3008,  3009,
         3010,  3013,  3014,  3015,  3017
Total non-polymorphic = 1403

LD mating model: Random

(Symbol "No S*" in Frequency means that NO Singleton Alleles are accepted.)

Population     1 [PM_MIR_003]  (Number of Individuals = 13)
****************
--------------------------------------------------------------
Lowest Allele Frequency Used     0.050       No S*         0+
--------------------------------------------------------------

LINKAGE DISEQUILIBRIUM METHOD

Harmonic Mean Sample Size =       11.6        11.8        11.8
Independent Comparisons =     696606      679921     1279782
OverAll r^2 =                 0.114815    0.114237    0.111163
Expected r^2 Sample =         0.109416    0.108689    0.108230
Estimated Ne^ =                   55.3        53.8       103.3

95% CIs for Ne^
* Parametric                      51.5        50.2        94.4
                                  59.6        57.9       114.0

* JackKnife on Samples            11.8        11.9        15.8
                              Infinite    Infinite    Infinite

**************************************************************
Non-polymorphic loci:    48,    72,    76,    89,   135,   155,   226,   257,
          278,   296,   344,   408,   411,   441,   448,   484,   537,   555,
          595,   615,   617,   642,   646,   668,   677,   756,   803,   820,
          835,   875,   943,   971,  1001,  1071,  1101,  1112,  1162,  1257,
         1261,  1266,  1286,  1290,  1334,  1369,  1407,  1411,  1475,  1503,
         1522,  1552,  1591,  1596,  1636,  1710,  1729,  1739,  1757,  1779,
         1826,  1859,  1868,  1913,  1971,  1974,  2008,  2016,  2053,  2069,
         2092,  2170,  2175,  2251,  2544,  2550,  2561,  2626,  2711,  2713,
         2739,  2770,  2795,  2796,  2877,  2878,  2882,  2897,  2908,  2929,
         2948,  2985,  2998,  3013,  3015
Total non-polymorphic = 93


Population     2 [PM_MIR_011]  (Number of Individuals = 444)
****************
--------------------------------------------------------------
Lowest Allele Frequency Used     0.050       No S*         0+
--------------------------------------------------------------

LINKAGE DISEQUILIBRIUM METHOD

Harmonic Mean Sample Size =      379.4       393.9       387.3
Independent Comparisons =     765067     3395878     4181001
OverAll r^2 =                 0.003967    0.003591    0.003546
Expected r^2 Sample =         0.002519    0.002474    0.002483
Estimated Ne^ =                  228.0       296.4       311.7

95% CIs for Ne^
* Parametric                     226.1       295.0       310.3
                                 230.1       297.9       313.1

* JackKnife on Samples           201.8       261.1       274.2
                                 259.4       339.6       357.8

**************************************************************

Ending time: Fri Jan 14 17:40:35 2022
-------------------------------------

