Missing data from input file Neestimator_2019_age1.txt.

Possible four types of missing data at a locus:
	1. Genotype contains only zeros or partially scored.
	2. Genotype has less digits than normal one.
	3. Genotype has more digits than normal one.
	4. Genotype contains non-digit character.
Types 3 and 4 stop the program.

In the table, each row is for an individual with missing data
(a) If column 'Locus' has only one number, then it is the first
    locus with missing data and also of highest missing data type.
(b) If column 'Locus' has 2 numbers, then the first number is
    the first locus with data missing, and the second number is
    the first locus that has highest missing data type.
(c) Genotype column contains the genotype of the locus in case (a)
    or the second locus in case (b).

Population 1 [PM_MIR_011]
-----------------------------------------------------------
Individual       Locus         Genotype     Number of Loci
                                          with missing data
       1            4             0000           145
       2            4             0000           142
       3            4             0000           115
       4            4             0000           121
       5            4             0000           117
       6            4             0000           123
       7            4             0000           159
       8            4             0000           131
       9            4             0000           140
      10            4             0000           155
      11            4             0000           144
      12            4             0000           126
      13            4             0000           120
      14            4             0000           190
      15            4             0000           108
      16            4             0000           111
      17            4             0000           145
      18            4             0000           117
      19            4             0000           133
      20            4             0000           197
      21            4             0000           124
      22            4             0000           156
      23            4             0000           111
      24            4             0000           186
      25            4             0000           109
      26            4             0000           111
      27            4             0000           150
      28            4             0000           109
      29            4             0000           129
      30            4             0000           130
      31            4             0000           106
      32            4             0000           115
      33            4             0000           112
      34            4             0000           112
      35            4             0000           114
      36            4             0000           174
      37            4             0000           106
      38            4             0000           111
      39            4             0000           122
      40            4             0000           125
      41            4             0000           123
      42            4             0000           176
      43            4             0000           109
      44            4             0000            96
      45            4             0000           118
      46            4             0000           112
      47            4             0000           115
      48            4             0000           126
      49            4             0000           101
      50            4             0000           146
      51            4             0000           124
      52            4             0000           112
      53            4             0000           117
      54            4             0000           137
      55            4             0000           130
      56            4             0000           137
      57            4             0000           125
      58            4             0000           245
      59            4             0000           120
      60            4             0000           128
      61            4             0000           125
      62            4             0000           138
      63            4             0000           194
      64            4             0000           115
      65            4             0000           137
      66            4             0000           105
      67            4             0000           118
      68            4             0000           123
      69            4             0000           131
      70            2             0000           210
      71            4             0000           131
      72            4             0000           112
      73            4             0000           154
      74            4             0000           122
      75            4             0000           126
      76            4             0000           146
      77            4             0000           139
      78            4             0000           142
      79            4             0000           118
      80            4             0000           155
      81            4             0000           108
      82            4             0000           125
      83            4             0000           135
      84            4             0000           145
      85            4             0000           125
      86            4             0000           125
      87            4             0000           167
      88            4             0000           125
      89            4             0000           143
      90            4             0000           114
      91            4             0000           142
      92            3             0000           218
      93            4             0000           170
      94            4             0000           138
      95            4             0000           116
      96            4             0000           184
      97            4             0000           115
      98            4             0000           126
      99            4             0000           132
     100            4             0000           161
     101            4             0000           110
     102            4             0000           224
     103            4             0000           121
     104            4             0000           134
     105            4             0000           165
     106            4             0000           147
     107            3             0000           156
     108            2             0000           276
     109            2             0000           148
     110            2             0000           215
     111            4             0000           107
     112            1             0000           272
     113            4             0000           136
     114            2             0000           177
     115            2             0000           165
     116            4             0000           120
     117            4             0000           152
     118            4             0000           140
     119            2             0000           194
     120            1             0000           327
     121            1             0000           360
     122            1             0000           497
     123            4             0000           220
     124            4             0000           123
     125            4             0000           146
     126            2             0000           688
     127            4             0000           112
     128            4             0000           170
     129            4             0000           122
     130            4             0000           123
     131            4             0000           109
     132            4             0000           136
     133            4             0000           104
     134            4             0000           146
     135            4             0000           211
     136            4             0000           126
     137            4             0000           125
     138            4             0000           163
     139            4             0000           104
     140            4             0000           158
     141            4             0000           166
     142            4             0000           125
     143            4             0000           144
     144            4             0000           193
     145            4             0000           118
     146            4             0000           125
     147            4             0000           119
     148            4             0000           113
     149            4             0000           129
     150            4             0000           125
     151            4             0000           134
     152            4             0000           135
     153            4             0000           127
     154            4             0000           135
     155            4             0000           127
     156            4             0000           116
     157            4             0000           100
     158            4             0000           114
     159            4             0000           134
     160            4             0000           131
     161            4             0000           126
     162            4             0000           140
     163            4             0000           115
     164            4             0000           128
     165            4             0000           129
     166            4             0000           140
     167            4             0000           124
     168            4             0000           148
     169            4             0000           173
     170            4             0000           136
     171            2             0000           245
     172            4             0000           117
     173            4             0000           142
     174            4             0000           113
     175            4             0000           131
     176            4             0000           116
     177            4             0000           147
     178            4             0000           113
     179            4             0000           135
     180            4             0000           112
     181            4             0000           126
     182            4             0000           112
     183            4             0000           118
     184            4             0000           119
     185            4             0000           128
     186            4             0000           109
     187            4             0000           120
     188            4             0000           115
     189            4             0000           120
     190            4             0000           212
     191            4             0000           246
     192            4             0000           239
     193            4             0000           233
     194            4             0000           260
     195            4             0000           264
     196            4             0000           250
     197            4             0000           121
     198            4             0000           265
     199            4             0000           296
     200            4             0000           223
     201            4             0000           242
     202            4             0000           241
     203            4             0000           353
     204            4             0000           129
     205            4             0000           245
     206            4             0000           242
     207            4             0000           319
     208            4             0000           361
     209            4             0000           134
     210            4             0000           117
     211            4             0000           127
     212            4             0000           136
     213            4             0000           108
     214            4             0000           118
     215            4             0000           140
     216            4             0000           163
     217            4             0000           129
     218            4             0000           100
     219            4             0000           115
     220            4             0000           124
     221            4             0000           138
     222            4             0000           121
     223            4             0000           138
     224            1             0000           116
     225            4             0000           134
     226            4             0000           125
     227            4             0000           123
     228            4             0000           115
     229            4             0000           124
     230            4             0000           120
     231            4             0000           126
     232            4             0000           124
     233            4             0000           122
     234            4             0000           137
     235            4             0000           123
     236            4             0000           134
     237            4             0000           123
     238            4             0000           117
     239            4             0000           157
     240            4             0000           116
     241            4             0000           154
     242            4             0000           118
     243            4             0000           132
     244            4             0000           109
     245            4             0000           117
     246            4             0000           109
     247            4             0000           115
     248            4             0000           114
     249            4             0000           134
     250            4             0000           110
     251            4             0000           122
     252            4             0000           109
     253            4             0000           125
     254            4             0000           117
     255            4             0000           124
     256            4             0000           140
     257            4             0000           114
     258            4             0000           120
     259            4             0000           132
     260            4             0000           126
     261            4             0000           161
     262            4             0000           124
     263            1             0000           124
     264            4             0000           120
     265            4             0000           141
     266            4             0000           117
     267            4             0000           109
     268            1             0000          1840
     269            4             0000           132
     270            4             0000           129
     271            4             0000           121
     272            4             0000           131
     273            4             0000           148
     274            4             0000           130
     275            4             0000           118
     276            4             0000           111
     277            4             0000           110
     278            4             0000           722
     279            4             0000           115
     280            4             0000           112
     281            4             0000           116
     282            4             0000           130
     283            4             0000           128
     284            4             0000           135
     285            4             0000           131
     286            4             0000           140
     287            4             0000           147
     288            4             0000           113
     289            4             0000           180
     290            4             0000           129
     291            4             0000           131
     292            4             0000           139
     293            4             0000           115
     294            4             0000           123
     295            4             0000           137
     296            4             0000           123
     297            4             0000           157
     298            4             0000           120
     299            4             0000           134
     300            4             0000           138
     301            4             0000           128
     302            4             0000           126
     303            4             0000           127
     304            4             0000           123
     305            4             0000           113
     306            4             0000           100
     307            4             0000           125
     308            4             0000           123
     309            4             0000           122
     310            4             0000           113
     311            4             0000           184
     312            4             0000           115
     313            4             0000           126
     314            4             0000           117
     315            4             0000           121
     316            4             0000           131
     317            4             0000           151
     318            4             0000           113
     319            4             0000           147
     320            4             0000           124
     321            4             0000           143
     322            4             0000           149
     323            4             0000           135
     324            4             0000           136
     325            4             0000           125
     326            4             0000           115
     327            4             0000           120
     328            4             0000           117
     329            4             0000           177
     330            4             0000           147
     331            4             0000           143
     332            4             0000           144
     333            4             0000           132
     334            4             0000           139
     335            4             0000           161
     336            4             0000           194
     337            4             0000           166
     338            4             0000           186
     339            4             0000           142
     340            4             0000           123
     341            2             0000           188
     342            4             0000           125
     343            4             0000           216
     344            4             0000           126
     345            4             0000           156
     346            4             0000           125
     347            4             0000           209
     348            4             0000           147
     349            4             0000           145
     350            4             0000           160
     351            4             0000           183
     352            4             0000           192
     353            4             0000           144
     354            4             0000           198
     355            4             0000           141
     356            4             0000           281
     357            4             0000           206
     358            4             0000           192
     359            4             0000           141
     360            4             0000           119
     361            4             0000           115
     362            4             0000           165
     363            4             0000           131
     364            4             0000           113
     365            2             0000           123
     366            4             0000           423
     367            2             0000           204
     368            4             0000           164
     369            4             0000           152
     370            4             0000           130
     371            4             0000           159
     372            4             0000           118
     373            4             0000           220
     374            4             0000           140
     375            4             0000           194
     376            4             0000           127
     377            4             0000           140
     378            4             0000           123
     379            4             0000           124
     380            4             0000           116
     381            4             0000           137
     382            4             0000           116
     383            4             0000           132
     384            4             0000           134
     385            4             0000           160
     386            4             0000           158
     387            4             0000           157
     388            4             0000           161
     389            4             0000           158
     390            4             0000           174
     391            4             0000           149
     392            4             0000           136
     393            1             0000           136
     394            4             0000           122
     395            2             0000           394
     396            4             0000           402
     397            2             0000           593
     398            3             0000           448
     399            2             0000           793
     400            4             0000           141
     401            4             0000           438
     402            4             0000           136
     403            2             0000           676
     404            2             0000           564
     405            1             0000          3000
     406            4             0000           130
     407            4             0000           187
     408            2             0000           823
     409            2             0000           846
     410            2             0000          1056
     411            2             0000          1205
     412            4             0000           125
     413            2             0000          1485
     414            4             0000           141
     415            2             0000          1252
     416            1             0000          1707
     417            2             0000           782
     418            2             0000           959
     419            2             0000          1097
     420            4             0000           140
     421            2             0000          1071
     422            2             0000          2238
     423            4             0000           139
     424            2             0000          2006
     425            1             0000          2927
     426            2             0000          1625
     427            2             0000          1493
     428            2             0000          1982
     429            2             0000          1852
     430            1             0000          2903
     431            2             0000          1524
     432            4             0000           157
     433            1             0000          3017
     434            1             0000          1785
     435            2             0000          1470
     436            2             0000          1688
     437            2             0000          1733
     438            4             0000           133
     439            1             0000          2354
     440            2             0000          1207
     441            2             0000          1468
     442            2             0000          1242
     443            1             0000          2755
     444            4             0000           139
     445            2             0000          2749
     446            4             0000           138
     447            1             0000          2292
-----------------------------------------------------------
Total missing data for population    1:       123581

Population 2 [PM_TWO_001]
-----------------------------------------------------------
Individual       Locus         Genotype     Number of Loci
                                          with missing data
       1            4             0000           270
       2            4             0000           260
       3            4             0000           274
       4            4             0000           269
       5            4             0000           284
       6            4             0000           271
       7            4             0000           295
       8            4             0000           261
       9            4             0000           264
      10            4             0000           262
      11            4             0000           262
      12            4             0000           296
      13            4             0000           279
      14            4             0000           262
      15            4             0000           306
      16            4             0000           280
      17            4             0000           265
      18            4             0000           284
      19            4             0000           288
      20            2             0000           403
      21            4             0000           401
      22            2             0000           344
      23            4             0000           278
      24            4             0000           259
      25            4             0000           269
      26            4             0000           266
      27            4             0000           268
      28            4             0000           276
      29            4             0000           275
      30            4             0000           271
      31            4             0000           272
      32            4             0000           267
      33            4             0000           264
      34            4             0000           272
      35            4             0000           282
      36            4             0000           246
      37            1             0000           603
-----------------------------------------------------------
Total missing data for population    2:        10748

