Output from NeEstimator v2.1
Starting time: Thu Feb 18 14:20:01 2021
Input File: "Neestimator_2019_age1.txt"

Number of Loci = 3019

Non-polymorphic loci:     4,    72,    80,    90,   135,   180,   275,   296,
          373,   408,   422,   476,   555,   602,   664,   665,   668,   681,
          745,   820,   875,   907,   943,  1001,  1019,  1025,  1101,  1287,
         1290,  1369,  1679,  1717,  1772,  1779,  1868,  1934,  1941,  1971,
         1993,  2007,  2057,  2068,  2069,  2087,  2092,  2141,  2267,  2410,
         2432,  2545,  2578,  2610,  2627,  2712,  2740,  2743,  2819,  2930,
         2935,  2949,  2974
Total non-polymorphic = 61

LD mating model: Random

(Symbol "No S*" in Frequency means that NO Singleton Alleles are accepted.)

Population     1 [PM_MIR_011]  (Number of Individuals = 447)
****************
--------------------------------------------------
Lowest Allele Frequency Used     0.050       No S*  
--------------------------------------------------

LINKAGE DISEQUILIBRIUM METHOD

Harmonic Mean Sample Size =      360.0       369.8
Independent Comparisons =    3082946     4304990
OverAll r^2 =                 0.004009    0.003858
Expected r^2 Sample =         0.002534    0.002534
Estimated Ne^ =                  223.9       249.8

95% CIs for Ne^
* Parametric                     222.9       248.8
                                 224.9       250.8

* JackKnife on Samples           199.3       221.7
                                 253.1       283.4

**************************************************
Non-polymorphic loci:     4,     5,     6,    15,    36,    64,    72,    77,
           80,    93,    95,   105,   135,   138,   151,   153,   170,   180,
          181,   195,   199,   200,   202,   210,   216,   220,   239,   275,
          289,   292,   296,   323,   330,   347,   373,   378,   395,   408,
          419,   422,   423,   435,   441,   443,   444,   465,   476,   477,
          480,   484,   486,   490,   511,   551,   555,   565,   573,   577,
          590,   593,   615,   663,   664,   667,   668,   679,   681,   684,
          694,   701,   716,   727,   735,   745,   756,   761,   769,   772,
          820,   851,   873,   875,   879,   885,   887,   891,   900,   927,
          931,   943,   960,   961,   981,   995,  1003,  1004,  1012,  1014,
         1019,  1025,  1040,  1092,  1101,  1102,  1104,  1123,  1130,  1140,
         1146,  1212,  1237,  1253,  1263,  1272,  1287,  1288,  1290,  1326,
         1348,  1350,  1364,  1367,  1369,  1372,  1374,  1413,  1453,  1460,
         1467,  1482,  1484,  1503,  1539,  1557,  1558,  1562,  1584,  1585,
         1645,  1656,  1658,  1670,  1679,  1687,  1717,  1727,  1728,  1751,
         1772,  1779,  1783,  1786,  1796,  1822,  1832,  1836,  1842,  1853,
         1868,  1871,  1872,  1877,  1891,  1912,  1934,  1941,  1966,  1971,
         1974,  1985,  1993,  2007,  2010,  2014,  2021,  2038,  2039,  2057,
         2068,  2069,  2082,  2087,  2092,  2093,  2142,  2143,  2152,  2157,
         2181,  2190,  2206,  2233,  2266,  2267,  2272,  2289,  2293,  2323,
         2333,  2372,  2393,  2400,  2405,  2409,  2410,  2413,  2430,  2432,
         2462,  2463,  2481,  2482,  2489,  2492,  2500,  2533,  2545,  2549,
         2602,  2610,  2627,  2678,  2684,  2712,  2719,  2740,  2743,  2748,
         2750,  2754,  2760,  2774,  2791,  2799,  2819,  2885,  2886,  2904,
         2906,  2924,  2926,  2929,  2930,  2935,  2939,  2949,  2966,  2974,
         2981,  2992,  2999,  3007,  3014
Total non-polymorphic = 253


Population     2 [PM_TWO_001]  (Number of Individuals = 37)
****************
--------------------------------------------------
Lowest Allele Frequency Used     0.050       No S*  
--------------------------------------------------

LINKAGE DISEQUILIBRIUM METHOD

Harmonic Mean Sample Size =       34.4        34.6
Independent Comparisons =    2949465     3413855
OverAll r^2 =                 0.044594    0.044040
Expected r^2 Sample =         0.030954    0.030911
Estimated Ne^ =                   22.2        23.1

95% CIs for Ne^
* Parametric                      22.0        23.0
                                  22.3        23.2

* JackKnife on Samples            15.3        16.0
                                  33.9        35.3

**************************************************

Ending time: Thu Feb 18 14:26:05 2021
-------------------------------------

