Output from NeEstimator v2.1
Starting time: Thu Feb 11 09:48:09 2021
Input File: "Neestimator_2019.txt"

Number of Loci = 3019

Non-polymorphic loci:     1,     4,     5,     6,    14,    15,    26,    27,
           36,    41,    58,    63,    64,    65,    72,    75,    76,    77,
           78,    80,    82,    85,    89,    90,    91,    92,    93,    94,
           95,   102,   105,   110,   123,   127,   129,   135,   138,   142,
          147,   151,   153,   166,   170,   180,   181,   197,   199,   200,
          202,   210,   220,   239,   251,   253,   271,   274,   275,   286,
          289,   296,   301,   303,   308,   311,   318,   322,   323,   324,
          328,   330,   341,   358,   359,   360,   363,   364,   373,   378,
          379,   393,   395,   397,   405,   408,   418,   421,   422,   423,
          435,   436,   441,   443,   454,   461,   468,   474,   476,   477,
          480,   484,   486,   488,   490,   503,   511,   520,   533,   537,
          542,   555,   565,   592,   595,   598,   599,   620,   628,   648,
          652,   656,   663,   664,   667,   668,   673,   679,   681,   684,
          688,   701,   706,   711,   712,   716,   720,   727,   735,   738,
          743,   745,   761,   768,   769,   782,   783,   787,   807,   812,
          819,   820,   839,   843,   851,   859,   864,   870,   873,   875,
          879,   883,   886,   887,   889,   894,   900,   911,   914,   916,
          927,   931,   933,   943,   948,   951,   957,   960,   961,   963,
          972,   981,   986,   988,   993,   995,  1001,  1003,  1004,  1009,
         1012,  1014,  1015,  1017,  1019,  1025,  1040,  1086,  1089,  1092,
         1101,  1102,  1117,  1119,  1123,  1130,  1135,  1140,  1146,  1153,
         1158,  1162,  1173,  1174,  1178,  1182,  1188,  1206,  1212,  1220,
         1228,  1234,  1237,  1239,  1253,  1259,  1262,  1263,  1272,  1287,
         1288,  1290,  1312,  1337,  1348,  1350,  1352,  1364,  1369,  1372,
         1378,  1380,  1398,  1399,  1402,  1413,  1423,  1437,  1440,  1451,
         1453,  1455,  1460,  1467,  1482,  1484,  1503,  1524,  1526,  1529,
         1534,  1544,  1545,  1549,  1557,  1558,  1562,  1579,  1582,  1584,
         1585,  1590,  1591,  1600,  1611,  1618,  1635,  1645,  1648,  1654,
         1656,  1658,  1662,  1669,  1670,  1679,  1687,  1690,  1691,  1704,
         1717,  1719,  1720,  1727,  1728,  1731,  1739,  1755,  1770,  1772,
         1779,  1784,  1786,  1787,  1796,  1806,  1814,  1815,  1816,  1823,
         1836,  1842,  1845,  1853,  1860,  1868,  1871,  1872,  1881,  1888,
         1891,  1897,  1905,  1912,  1917,  1919,  1934,  1941,  1943,  1959,
         1963,  1964,  1965,  1966,  1971,  1985,  1987,  1993,  2007,  2008,
         2010,  2011,  2013,  2014,  2016,  2017,  2021,  2036,  2038,  2039,
         2041,  2067,  2068,  2069,  2082,  2087,  2092,  2102,  2105,  2108,
         2112,  2138,  2141,  2142,  2143,  2144,  2145,  2152,  2155,  2156,
         2157,  2176,  2178,  2179,  2181,  2183,  2190,  2196,  2206,  2207,
         2229,  2233,  2259,  2261,  2265,  2266,  2267,  2272,  2287,  2289,
         2293,  2307,  2316,  2345,  2347,  2372,  2377,  2379,  2393,  2396,
         2400,  2402,  2404,  2405,  2409,  2410,  2413,  2417,  2418,  2424,
         2430,  2432,  2439,  2446,  2451,  2462,  2477,  2478,  2479,  2481,
         2482,  2488,  2489,  2492,  2500,  2505,  2509,  2517,  2526,  2530,
         2532,  2533,  2545,  2546,  2549,  2568,  2570,  2599,  2602,  2608,
         2610,  2614,  2618,  2621,  2627,  2629,  2645,  2646,  2648,  2649,
         2650,  2656,  2670,  2684,  2700,  2712,  2715,  2718,  2740,  2743,
         2750,  2754,  2763,  2764,  2767,  2772,  2775,  2782,  2783,  2785,
         2789,  2790,  2791,  2817,  2819,  2822,  2831,  2834,  2857,  2858,
         2859,  2864,  2870,  2885,  2886,  2891,  2899,  2904,  2906,  2907,
         2916,  2917,  2920,  2924,  2926,  2929,  2930,  2935,  2939,  2942,
         2948,  2949,  2955,  2966,  2969,  2973,  2974,  2976,  2981,  2983,
         2991,  2992,  2996,  2999,  3006,  3007,  3013,  3014
Total non-polymorphic = 516

LD mating model: Random

(Symbol "No S*" in Frequency means that NO Singleton Alleles are accepted.)

Population     1 [PM_BAD_001]  (Number of Individuals = 37)
****************
--------------------------------------------------
Lowest Allele Frequency Used     0.050       No S*  
--------------------------------------------------

LINKAGE DISEQUILIBRIUM METHOD

Harmonic Mean Sample Size =       25.2        28.9
Independent Comparisons =    2553535     2835945
OverAll r^2 =                 0.092425    0.088834
Expected r^2 Sample =         0.036774    0.035129
Estimated Ne^ =                    2.8         2.9

95% CIs for Ne^
* Parametric                       2.8         2.9
                                   2.8         2.9

* JackKnife on Samples             2.3         2.4
                                   3.3         3.9

**************************************************
Non-polymorphic loci:     4,    15,    36,    72,   135,   153,   220,   275,
          373,   379,   441,   511,   590,   593,   615,   667,   673,   701,
          706,   716,   735,   760,   859,   887,  1019,  1101,  1364,  1369,
         1378,  1453,  1482,  1503,  1509,  1557,  1656,  1670,  1679,  1704,
         1729,  1772,  1963,  1966,  1971,  1993,  2010,  2087,  2092,  2181,
         2183,  2190,  2267,  2293,  2432,  2439,  2545,  2684,  2709,  2712,
         2885,  2886,  2930,  2974,  2981,  2998,  2999,  3014
Total non-polymorphic = 66


Population     2 [PM_BEI_001.x]  (Number of Individuals = 160)
****************
--------------------------------------------------
Lowest Allele Frequency Used     0.050       No S*  
--------------------------------------------------

LINKAGE DISEQUILIBRIUM METHOD

Harmonic Mean Sample Size =      145.3       145.2
Independent Comparisons =    3174147     4304108
OverAll r^2 =                 0.018992    0.019114
Expected r^2 Sample =         0.006881    0.006888
Estimated Ne^ =                   25.3        25.0

95% CIs for Ne^
* Parametric                      25.2        25.0
                                  25.3        25.1

* JackKnife on Samples            23.2        22.2
                                  27.5        28.2

**************************************************
Non-polymorphic loci:     4,    80,    93,   135,   153,   180,   220,   296,
          373,   408,   476,   511,   555,   590,   664,   667,   668,   673,
          681,   684,   701,   735,   745,   760,   820,   875,   900,   943,
          981,  1019,  1101,  1239,  1287,  1290,  1297,  1364,  1369,  1378,
         1440,  1453,  1524,  1557,  1585,  1670,  1679,  1717,  1729,  1779,
         1822,  1871,  1934,  1941,  1971,  1993,  2014,  2039,  2068,  2069,
         2087,  2092,  2143,  2152,  2181,  2190,  2206,  2241,  2267,  2272,
         2400,  2410,  2432,  2482,  2545,  2549,  2610,  2663,  2740,  2743,
         2819,  2885,  2920,  2930,  2935,  2974,  3014,  3017
Total non-polymorphic = 86


Population     3 [PM_BET_001.x]  (Number of Individuals = 246)
****************
--------------------------------------------------
Lowest Allele Frequency Used     0.050       No S*  
--------------------------------------------------

LINKAGE DISEQUILIBRIUM METHOD

Harmonic Mean Sample Size =      220.9       222.2
Independent Comparisons =    3133902     4292964
OverAll r^2 =                 0.014160    0.013573
Expected r^2 Sample =         0.004405    0.004409
Estimated Ne^ =                   32.0        34.2

95% CIs for Ne^
* Parametric                      31.9        34.1
                                  32.0        34.2

* JackKnife on Samples            29.3        31.6
                                  34.8        37.0

**************************************************
Non-polymorphic loci:     4,     5,     6,    15,    36,    62,    72,    77,
           80,    93,   129,   135,   138,   151,   180,   199,   202,   220,
          275,   289,   292,   296,   322,   373,   378,   379,   383,   397,
          408,   423,   435,   476,   477,   484,   486,   488,   490,   511,
          537,   555,   573,   590,   593,   595,   664,   667,   668,   673,
          681,   684,   701,   711,   712,   716,   727,   735,   745,   752,
          760,   820,   824,   839,   873,   875,   887,   894,   900,   925,
          931,   943,   960,   981,   993,  1001,  1003,  1004,  1015,  1019,
         1040,  1086,  1101,  1140,  1153,  1163,  1173,  1174,  1206,  1234,
         1239,  1287,  1290,  1297,  1312,  1337,  1369,  1372,  1374,  1413,
         1450,  1453,  1467,  1471,  1482,  1503,  1524,  1529,  1550,  1557,
         1579,  1585,  1591,  1627,  1656,  1670,  1679,  1687,  1717,  1779,
         1796,  1814,  1822,  1853,  1868,  1877,  1934,  1941,  1963,  1971,
         1993,  2007,  2008,  2014,  2021,  2039,  2057,  2068,  2069,  2087,
         2092,  2105,  2141,  2143,  2179,  2181,  2183,  2190,  2197,  2206,
         2233,  2267,  2272,  2372,  2400,  2410,  2418,  2432,  2492,  2500,
         2505,  2530,  2545,  2549,  2570,  2610,  2623,  2684,  2712,  2718,
         2740,  2743,  2774,  2785,  2817,  2819,  2822,  2885,  2892,  2904,
         2920,  2930,  2932,  2935,  2939,  2949,  2974,  2981,  2992,  2998,
         2999,  3007,  3014
Total non-polymorphic = 191


Population     4 [PM_BRL_001]  (Number of Individuals = 33)
****************
--------------------------------------------------
Lowest Allele Frequency Used     0.050       No S*  
--------------------------------------------------

LINKAGE DISEQUILIBRIUM METHOD

Harmonic Mean Sample Size =       30.0        30.9
Independent Comparisons =    2988450     3580834
OverAll r^2 =                 0.038943    0.038719
Expected r^2 Sample =         0.034665    0.034589
Estimated Ne^ =                   75.8        78.6

95% CIs for Ne^
* Parametric                      74.7        77.5
                                  77.0        79.7

* JackKnife on Samples            42.3        44.3
                                 232.7       233.4

**************************************************
Non-polymorphic loci:     4,     5,     6,    80,   135,   180,   199,   239,
          296,   373,   408,   422,   423,   476,   511,   555,   593,   598,
          654,   664,   668,   673,   681,   701,   735,   745,   760,   820,
          875,   887,   943,   960,  1101,  1102,  1163,  1287,  1290,  1369,
         1453,  1557,  1585,  1630,  1679,  1704,  1717,  1772,  1779,  1822,
         1868,  1941,  1971,  1993,  2007,  2068,  2069,  2087,  2092,  2143,
         2149,  2181,  2206,  2241,  2293,  2410,  2413,  2432,  2492,  2545,
         2549,  2578,  2610,  2709,  2712,  2740,  2743,  2817,  2819,  2895,
         2926,  2930,  2935,  2949,  2999
Total non-polymorphic = 83


Population     5 [PM_CAT_001]  (Number of Individuals = 241)
****************
--------------------------------------------------
Lowest Allele Frequency Used     0.050       No S*  
--------------------------------------------------

LINKAGE DISEQUILIBRIUM METHOD

Harmonic Mean Sample Size =      219.5       220.2
Independent Comparisons =    3122738     4247734
OverAll r^2 =                 0.014061    0.013215
Expected r^2 Sample =         0.004547    0.004532
Estimated Ne^ =                   32.8        36.2

95% CIs for Ne^
* Parametric                      32.7        36.1
                                  32.9        36.3

* JackKnife on Samples            29.2        32.5
                                  36.9        40.3

**************************************************
Non-polymorphic loci:     4,     5,     6,    12,    14,    15,    26,    27,
           36,    41,    62,    64,    66,    72,    75,    77,    80,    85,
           89,    90,    91,    92,    93,    94,    95,    99,   105,   110,
          129,   135,   151,   153,   164,   172,   180,   181,   194,   195,
          199,   200,   202,   210,   211,   216,   220,   224,   225,   228,
          251,   268,   275,   289,   296,   311,   322,   323,   328,   330,
          332,   347,   359,   373,   379,   397,   401,   405,   408,   411,
          422,   423,   435,   441,   465,   476,   477,   480,   490,   491,
          498,   499,   505,   511,   520,   523,   533,   537,   555,   557,
          577,   579,   580,   583,   590,   592,   593,   595,   654,   663,
          664,   667,   668,   669,   673,   679,   681,   684,   701,   706,
          711,   712,   716,   719,   727,   735,   737,   738,   745,   752,
          756,   760,   761,   769,   772,   819,   820,   843,   856,   859,
          866,   870,   873,   875,   879,   885,   887,   891,   894,   899,
          900,   907,   914,   916,   925,   927,   933,   943,   948,   951,
          952,   960,   967,   968,   975,   981,   985,   986,   995,  1001,
         1003,  1004,  1012,  1014,  1015,  1019,  1040,  1041,  1086,  1093,
         1101,  1102,  1104,  1117,  1119,  1130,  1134,  1140,  1146,  1158,
         1162,  1163,  1165,  1173,  1174,  1178,  1182,  1189,  1203,  1212,
         1228,  1234,  1239,  1259,  1263,  1275,  1280,  1285,  1287,  1288,
         1290,  1297,  1312,  1317,  1321,  1322,  1324,  1326,  1336,  1337,
         1348,  1355,  1362,  1364,  1365,  1369,  1374,  1378,  1380,  1388,
         1398,  1400,  1413,  1420,  1421,  1440,  1451,  1453,  1455,  1463,
         1467,  1482,  1502,  1503,  1509,  1511,  1520,  1524,  1529,  1539,
         1545,  1549,  1550,  1556,  1557,  1558,  1562,  1568,  1585,  1589,
         1590,  1591,  1625,  1645,  1648,  1654,  1656,  1658,  1662,  1669,
         1670,  1671,  1679,  1686,  1687,  1690,  1704,  1717,  1719,  1720,
         1725,  1727,  1728,  1729,  1739,  1741,  1772,  1779,  1782,  1783,
         1784,  1786,  1787,  1796,  1798,  1822,  1823,  1829,  1830,  1832,
         1833,  1853,  1868,  1871,  1877,  1881,  1891,  1901,  1902,  1905,
         1907,  1912,  1917,  1919,  1922,  1934,  1941,  1943,  1947,  1959,
         1963,  1966,  1970,  1971,  1974,  1987,  1989,  1993,  1995,  2007,
         2008,  2010,  2014,  2017,  2021,  2038,  2039,  2057,  2067,  2068,
         2069,  2082,  2087,  2092,  2093,  2102,  2105,  2108,  2141,  2142,
         2143,  2145,  2149,  2151,  2152,  2155,  2156,  2157,  2179,  2181,
         2183,  2184,  2190,  2192,  2206,  2207,  2220,  2233,  2247,  2250,
         2263,  2265,  2266,  2267,  2272,  2273,  2287,  2289,  2310,  2316,
         2319,  2320,  2323,  2333,  2337,  2357,  2359,  2385,  2393,  2395,
         2400,  2402,  2404,  2409,  2410,  2413,  2417,  2418,  2423,  2424,
         2430,  2432,  2439,  2443,  2451,  2462,  2463,  2469,  2481,  2482,
         2488,  2489,  2492,  2500,  2505,  2517,  2522,  2530,  2532,  2545,
         2546,  2549,  2568,  2570,  2585,  2592,  2599,  2602,  2605,  2610,
         2614,  2627,  2629,  2645,  2646,  2649,  2650,  2655,  2661,  2663,
         2668,  2669,  2678,  2682,  2684,  2708,  2709,  2712,  2715,  2718,
         2719,  2737,  2740,  2743,  2746,  2748,  2750,  2754,  2763,  2772,
         2774,  2777,  2785,  2790,  2791,  2795,  2799,  2817,  2819,  2822,
         2830,  2831,  2834,  2851,  2861,  2864,  2884,  2885,  2891,  2892,
         2895,  2906,  2907,  2920,  2924,  2926,  2930,  2931,  2932,  2934,
         2935,  2938,  2939,  2942,  2947,  2949,  2959,  2966,  2967,  2973,
         2974,  2992,  2997,  2998,  2999,  3007,  3013,  3014
Total non-polymorphic = 496


Population     6 [PM_CHE_058]  (Number of Individuals = 51)
****************
--------------------------------------------------
Lowest Allele Frequency Used     0.050       No S*  
--------------------------------------------------

LINKAGE DISEQUILIBRIUM METHOD

Harmonic Mean Sample Size =       48.0        48.6
Independent Comparisons =    1560217     2702337
OverAll r^2 =                 0.050144    0.059042
Expected r^2 Sample =         0.021766    0.021655
Estimated Ne^ =                    9.1         5.6

95% CIs for Ne^
* Parametric                       9.0         5.6
                                   9.1         5.7

* JackKnife on Samples             7.2         4.0
                                  11.2         7.1

**************************************************
Non-polymorphic loci:    12,    13,    15,    20,    27,    33,    36,    41,
           63,    72,    75,    90,    93,   104,   105,   129,   135,   153,
          181,   195,   199,   202,   210,   220,   275,   309,   322,   323,
          328,   373,   378,   379,   383,   419,   423,   468,   477,   480,
          486,   488,   511,   520,   523,   533,   590,   592,   593,   595,
          642,   673,   706,   716,   735,   738,   756,   757,   760,   761,
          843,   870,   873,   885,   887,   894,   900,   925,   927,   933,
          967,   968,   972,   981,  1019,  1025,  1034,  1101,  1140,  1162,
         1180,  1182,  1212,  1234,  1237,  1239,  1263,  1288,  1312,  1348,
         1364,  1378,  1411,  1413,  1450,  1453,  1467,  1482,  1529,  1534,
         1556,  1558,  1579,  1585,  1590,  1630,  1654,  1656,  1658,  1662,
         1670,  1687,  1690,  1704,  1727,  1728,  1741,  1754,  1755,  1772,
         1786,  1814,  1853,  1963,  1964,  1966,  1971,  1974,  1985,  1995,
         2007,  2010,  2013,  2014,  2038,  2057,  2082,  2087,  2092,  2141,
         2142,  2178,  2181,  2183,  2190,  2200,  2233,  2266,  2267,  2293,
         2320,  2323,  2345,  2372,  2379,  2393,  2394,  2400,  2413,  2417,
         2418,  2430,  2451,  2462,  2475,  2482,  2492,  2500,  2517,  2532,
         2546,  2571,  2599,  2602,  2627,  2645,  2649,  2663,  2678,  2709,
         2712,  2715,  2718,  2746,  2750,  2754,  2767,  2885,  2904,  2920,
         2930,  2931,  2932,  2949,  2966,  2976,  2995,  2998,  2999,  3014
Total non-polymorphic = 198


Population     7 [PM_EAG_001]  (Number of Individuals = 21)
****************
--------------------------------------------------
Lowest Allele Frequency Used     0.050       No S*  
--------------------------------------------------

LINKAGE DISEQUILIBRIUM METHOD

Harmonic Mean Sample Size =       18.7        18.9
Independent Comparisons =    3220390     3400810
OverAll r^2 =                 0.079043    0.077596
Expected r^2 Sample =         0.060918    0.060518
Estimated Ne^ =                   15.1        16.1

95% CIs for Ne^
* Parametric                      15.0        16.0
                                  15.2        16.3

* JackKnife on Samples             2.8         3.0
                              Infinite    Infinite

**************************************************
Non-polymorphic loci:    90,   135,   199,   373,   379,   441,   511,   590,
          593,   595,   673,   735,   760,   843,   879,   887,   900,   931,
          981,  1025,  1101,  1140,  1163,  1364,  1413,  1453,  1524,  1557,
         1558,  1585,  1624,  1656,  1670,  1687,  1690,  1704,  1772,  1868,
         1934,  1963,  1971,  2010,  2087,  2092,  2141,  2152,  2267,  2293,
         2400,  2492,  2505,  2546,  2684,  2708,  2712,  2754,  2926,  2930,
         2949,  2999,  3007,  3014
Total non-polymorphic = 62


Population     8 [PM_FOR_001]  (Number of Individuals = 122)
****************
--------------------------------------------------
Lowest Allele Frequency Used     0.050       No S*  
--------------------------------------------------

LINKAGE DISEQUILIBRIUM METHOD

Harmonic Mean Sample Size =       97.7       103.6
Independent Comparisons =    3120585     4171027
OverAll r^2 =                 0.015946    0.015576
Expected r^2 Sample =         0.009124    0.009108
Estimated Ne^ =                   46.7        49.4

95% CIs for Ne^
* Parametric                      46.5        49.2
                                  46.9        49.5

* JackKnife on Samples            35.4        37.0
                                  63.1        67.8

**************************************************
Non-polymorphic loci:     4,     5,     6,    15,    34,    36,    41,    63,
           72,    77,    80,    90,    93,    94,    95,   105,   129,   135,
          138,   142,   151,   152,   153,   166,   180,   195,   199,   202,
          220,   233,   251,   269,   275,   277,   286,   292,   296,   314,
          322,   359,   373,   379,   395,   397,   405,   408,   418,   422,
          423,   436,   441,   443,   444,   452,   474,   476,   477,   490,
          498,   511,   520,   555,   557,   565,   590,   592,   593,   615,
          621,   648,   652,   664,   667,   668,   669,   673,   681,   684,
          694,   701,   711,   712,   719,   723,   727,   735,   737,   738,
          745,   752,   756,   757,   760,   761,   775,   782,   783,   820,
          831,   838,   839,   851,   859,   875,   879,   885,   894,   899,
          900,   927,   931,   943,   948,   951,   952,   957,   960,   961,
          968,   981,   993,  1003,  1004,  1012,  1015,  1019,  1024,  1025,
         1089,  1092,  1101,  1102,  1140,  1146,  1153,  1163,  1182,  1212,
         1213,  1220,  1228,  1237,  1239,  1262,  1280,  1287,  1288,  1290,
         1326,  1346,  1350,  1364,  1369,  1372,  1402,  1413,  1451,  1453,
         1455,  1463,  1467,  1471,  1479,  1482,  1508,  1520,  1524,  1529,
         1534,  1544,  1550,  1552,  1557,  1579,  1584,  1585,  1600,  1625,
         1627,  1645,  1654,  1656,  1669,  1670,  1679,  1687,  1717,  1727,
         1728,  1729,  1738,  1751,  1754,  1755,  1772,  1779,  1783,  1784,
         1787,  1796,  1814,  1822,  1823,  1829,  1832,  1833,  1836,  1842,
         1853,  1858,  1868,  1877,  1881,  1891,  1901,  1907,  1912,  1919,
         1934,  1941,  1943,  1959,  1963,  1966,  1971,  1993,  2007,  2010,
         2012,  2013,  2014,  2021,  2038,  2057,  2068,  2069,  2082,  2087,
         2092,  2102,  2108,  2140,  2141,  2143,  2152,  2174,  2181,  2187,
         2197,  2200,  2206,  2233,  2259,  2266,  2267,  2272,  2287,  2293,
         2310,  2320,  2323,  2372,  2379,  2394,  2400,  2404,  2405,  2410,
         2413,  2417,  2418,  2424,  2429,  2430,  2432,  2439,  2451,  2462,
         2463,  2469,  2474,  2475,  2488,  2492,  2500,  2505,  2517,  2532,
         2545,  2546,  2549,  2568,  2599,  2610,  2627,  2646,  2684,  2708,
         2709,  2712,  2715,  2719,  2737,  2740,  2743,  2746,  2748,  2750,
         2753,  2817,  2819,  2834,  2839,  2883,  2884,  2885,  2886,  2892,
         2895,  2906,  2907,  2920,  2924,  2926,  2930,  2934,  2935,  2939,
         2949,  2966,  2973,  2974,  2976,  2982,  2995,  2999,  3014,  3017
Total non-polymorphic = 338


Population     9 [PM_MAI_001]  (Number of Individuals = 30)
****************
--------------------------------------------------
Lowest Allele Frequency Used     0.050       No S*  
--------------------------------------------------

LINKAGE DISEQUILIBRIUM METHOD

Harmonic Mean Sample Size =       27.0        27.1
Independent Comparisons =    2980404     3262758
OverAll r^2 =                 0.072645    0.071075
Expected r^2 Sample =         0.040688    0.040618
Estimated Ne^ =                    7.5         8.0

95% CIs for Ne^
* Parametric                       7.4         7.9
                                   7.5         8.0

* JackKnife on Samples             4.7         5.1
                                  11.0        11.8

**************************************************
Non-polymorphic loci:    93,   135,   220,   275,   322,   373,   423,   511,
          681,   735,   887,   894,   925,   981,  1101,  1453,  1772,  1971,
         1993,  2087,  2092,  2181,  2241,  2272,  2545,  2712,  2740,  2885,
         2920,  2926,  2930,  2949,  2999
Total non-polymorphic = 33


Population    10 [PM_MAN_001]  (Number of Individuals = 185)
****************
--------------------------------------------------
Lowest Allele Frequency Used     0.050       No S*  
--------------------------------------------------

LINKAGE DISEQUILIBRIUM METHOD

Harmonic Mean Sample Size =      164.4       170.4
Independent Comparisons =    3096649     4336047
OverAll r^2 =                 0.008163    0.008338
Expected r^2 Sample =         0.005863    0.005842
Estimated Ne^ =                  142.8       131.4

95% CIs for Ne^
* Parametric                     142.0       130.8
                                 143.7       132.0

* JackKnife on Samples           118.0        96.1
                                 176.9       191.4

**************************************************
Non-polymorphic loci:     4,    72,    80,    90,   180,   275,   296,   373,
          408,   422,   476,   555,   602,   664,   665,   668,   681,   745,
          820,   875,   907,   943,  1001,  1019,  1025,  1101,  1287,  1290,
         1369,  1679,  1717,  1772,  1779,  1868,  1934,  1941,  1971,  1993,
         2007,  2057,  2068,  2069,  2092,  2141,  2267,  2410,  2432,  2545,
         2610,  2627,  2712,  2740,  2743,  2819,  2930,  2935,  2949,  2974
Total non-polymorphic = 58


Population    11 [PM_MIR_003]  (Number of Individuals = 457)
****************
--------------------------------------------------
Lowest Allele Frequency Used     0.050       No S*  
--------------------------------------------------

LINKAGE DISEQUILIBRIUM METHOD

Harmonic Mean Sample Size =      334.9       377.8
Independent Comparisons =    3074036     4305136
OverAll r^2 =                 0.003917    0.003766
Expected r^2 Sample =         0.002480    0.002480
Estimated Ne^ =                  229.9       257.1

95% CIs for Ne^
* Parametric                     228.9       256.1
                                 230.9       258.1

* JackKnife on Samples           204.8       228.3
                                 259.6       291.7

**************************************************
Non-polymorphic loci:     4,    12,    13,    15,    36,    41,    64,    72,
           77,    80,    89,    90,    92,    93,   105,   110,   135,   138,
          151,   153,   170,   180,   181,   194,   199,   200,   202,   211,
          216,   220,   239,   251,   289,   292,   296,   302,   308,   322,
          332,   360,   364,   373,   379,   397,   405,   408,   419,   422,
          423,   424,   435,   441,   465,   476,   477,   480,   484,   486,
          490,   498,   511,   520,   555,   561,   565,   587,   590,   593,
          621,   628,   642,   648,   656,   663,   664,   667,   668,   673,
          681,   684,   694,   701,   706,   711,   716,   727,   735,   737,
          745,   752,   760,   761,   769,   782,   795,   820,   838,   839,
          851,   870,   873,   875,   879,   887,   900,   911,   914,   925,
          931,   933,   943,   948,   952,   960,   961,   967,   981,   993,
         1003,  1012,  1019,  1025,  1040,  1092,  1101,  1102,  1104,  1123,
         1140,  1146,  1173,  1174,  1182,  1228,  1234,  1263,  1272,  1280,
         1287,  1288,  1290,  1326,  1350,  1362,  1364,  1367,  1369,  1372,
         1374,  1378,  1390,  1397,  1411,  1413,  1453,  1467,  1482,  1492,
         1498,  1502,  1503,  1509,  1520,  1524,  1529,  1534,  1539,  1545,
         1549,  1550,  1556,  1557,  1558,  1562,  1579,  1585,  1589,  1590,
         1600,  1630,  1648,  1656,  1662,  1669,  1670,  1679,  1687,  1703,
         1717,  1727,  1728,  1755,  1763,  1764,  1772,  1779,  1783,  1784,
         1787,  1814,  1822,  1829,  1835,  1836,  1868,  1880,  1881,  1907,
         1919,  1934,  1941,  1943,  1963,  1964,  1970,  1971,  1985,  1987,
         1993,  2004,  2007,  2010,  2013,  2014,  2038,  2039,  2057,  2059,
         2068,  2069,  2087,  2092,  2102,  2105,  2108,  2112,  2141,  2142,
         2143,  2152,  2181,  2190,  2197,  2206,  2261,  2267,  2272,  2273,
         2287,  2289,  2293,  2307,  2323,  2333,  2345,  2347,  2379,  2394,
         2400,  2405,  2410,  2413,  2418,  2424,  2429,  2430,  2432,  2446,
         2451,  2475,  2477,  2478,  2479,  2482,  2489,  2492,  2500,  2503,
         2505,  2530,  2545,  2549,  2570,  2599,  2602,  2610,  2627,  2646,
         2649,  2655,  2663,  2678,  2684,  2709,  2712,  2740,  2743,  2748,
         2754,  2774,  2777,  2783,  2785,  2789,  2790,  2791,  2799,  2817,
         2819,  2822,  2831,  2834,  2864,  2879,  2884,  2885,  2886,  2891,
         2892,  2904,  2907,  2920,  2924,  2926,  2930,  2935,  2939,  2942,
         2949,  2973,  2974,  2981,  2992,  2998,  2999,  3000,  3005,  3007,
         3014,  3017
Total non-polymorphic = 340


Population    12 [PM_MIS_001]  (Number of Individuals = 37)
****************
--------------------------------------------------
Lowest Allele Frequency Used     0.050       No S*  
--------------------------------------------------

LINKAGE DISEQUILIBRIUM METHOD

Harmonic Mean Sample Size =       34.5        34.6
Independent Comparisons =    2822163     3328182
OverAll r^2 =                 0.057558    0.056465
Expected r^2 Sample =         0.031200    0.031138
Estimated Ne^ =                   10.0        10.6

95% CIs for Ne^
* Parametric                      10.0        10.5
                                  10.1        10.6

* JackKnife on Samples             8.1         8.4
                                  12.3        13.2

**************************************************
Non-polymorphic loci:     4,    15,    36,    72,    80,    90,    95,   135,
          153,   180,   195,   199,   220,   275,   296,   363,   373,   408,
          423,   476,   477,   511,   555,   590,   664,   667,   668,   673,
          681,   684,   701,   706,   716,   727,   735,   745,   752,   760,
          820,   859,   875,   894,   900,   914,   916,   931,   943,  1019,
         1040,  1101,  1102,  1178,  1239,  1287,  1290,  1364,  1367,  1369,
         1378,  1453,  1460,  1549,  1584,  1654,  1656,  1670,  1679,  1687,
         1704,  1717,  1728,  1729,  1779,  1786,  1796,  1814,  1870,  1877,
         1891,  1934,  1941,  1971,  1993,  2007,  2010,  2068,  2069,  2087,
         2092,  2093,  2143,  2152,  2181,  2183,  2190,  2206,  2267,  2400,
         2410,  2413,  2432,  2439,  2545,  2549,  2610,  2627,  2708,  2712,
         2740,  2743,  2750,  2817,  2819,  2834,  2886,  2930,  2934,  2935,
         2939,  2949,  2966,  2974,  2981,  2999,  3007,  3013,  3014
Total non-polymorphic = 127


Population    13 [PM_MUS_001]  (Number of Individuals = 53)
****************
--------------------------------------------------
Lowest Allele Frequency Used     0.050       No S*  
--------------------------------------------------

LINKAGE DISEQUILIBRIUM METHOD

Harmonic Mean Sample Size =       49.3        50.1
Independent Comparisons =    3077902     3860654
OverAll r^2 =                 0.022328    0.022161
Expected r^2 Sample =         0.020952    0.020900
Estimated Ne^ =                  240.2       262.2

95% CIs for Ne^
* Parametric                     234.2       255.8
                                 246.6       268.9

* JackKnife on Samples           164.2       175.4
                                 429.5       496.2

**************************************************
Non-polymorphic loci:     4,    36,    72,    77,    80,    93,   153,   180,
          195,   199,   220,   275,   289,   296,   322,   373,   379,   408,
          441,   476,   477,   511,   555,   593,   664,   668,   673,   681,
          701,   745,   820,   873,   875,   894,   931,   943,  1019,  1025,
         1101,  1140,  1287,  1290,  1364,  1369,  1378,  1453,  1467,  1509,
         1557,  1656,  1679,  1717,  1727,  1772,  1779,  1868,  1934,  1941,
         1971,  1993,  2007,  2014,  2038,  2068,  2069,  2087,  2092,  2141,
         2181,  2206,  2241,  2267,  2400,  2410,  2432,  2545,  2549,  2610,
         2712,  2740,  2743,  2819,  2920,  2926,  2930,  2935,  2949,  2974,
         2981,  3007,  3014
Total non-polymorphic = 91


Population    14 [PM_OCQ_397]  (Number of Individuals = 121)
****************
--------------------------------------------------
Lowest Allele Frequency Used     0.050       No S*  
--------------------------------------------------

LINKAGE DISEQUILIBRIUM METHOD

Harmonic Mean Sample Size =      110.6       112.4
Independent Comparisons =    3150770     4163678
OverAll r^2 =                 0.011467    0.011218
Expected r^2 Sample =         0.009015    0.008997
Estimated Ne^ =                  133.9       148.0

95% CIs for Ne^
* Parametric                     132.9       146.9
                                 134.9       149.0

* JackKnife on Samples           105.3       116.1
                                 178.0       197.8

**************************************************
Non-polymorphic loci:     4,    14,    15,    26,    27,    30,    36,    72,
           77,    80,    90,   105,   107,   110,   129,   135,   138,   145,
          152,   153,   164,   180,   202,   216,   220,   244,   251,   275,
          296,   323,   330,   341,   364,   373,   379,   383,   397,   405,
          408,   411,   419,   423,   441,   461,   476,   484,   491,   499,
          511,   537,   552,   555,   561,   563,   565,   589,   590,   595,
          599,   615,   621,   642,   651,   664,   667,   668,   681,   687,
          701,   711,   727,   745,   752,   775,   803,   820,   859,   875,
          887,   900,   914,   943,   951,   969,   993,  1014,  1023,  1040,
         1086,  1101,  1130,  1162,  1165,  1173,  1174,  1213,  1234,  1239,
         1272,  1287,  1288,  1290,  1297,  1312,  1333,  1372,  1378,  1402,
         1413,  1420,  1441,  1453,  1454,  1455,  1460,  1534,  1545,  1557,
         1558,  1591,  1597,  1630,  1654,  1669,  1679,  1687,  1705,  1717,
         1727,  1728,  1772,  1779,  1786,  1787,  1806,  1814,  1823,  1853,
         1868,  1871,  1891,  1934,  1941,  1959,  1969,  1970,  1971,  1987,
         1993,  2007,  2010,  2014,  2038,  2039,  2057,  2068,  2069,  2087,
         2092,  2093,  2108,  2141,  2143,  2149,  2163,  2174,  2179,  2183,
         2189,  2190,  2255,  2259,  2265,  2272,  2348,  2394,  2395,  2400,
         2405,  2409,  2410,  2426,  2429,  2430,  2432,  2439,  2446,  2489,
         2517,  2532,  2545,  2549,  2610,  2709,  2712,  2715,  2740,  2743,
         2750,  2753,  2772,  2774,  2790,  2795,  2819,  2834,  2839,  2856,
         2885,  2891,  2920,  2926,  2930,  2935,  2942,  2974,  2986,  2991,
         2995,  2999,  3014
Total non-polymorphic = 221


Population    15 [PM_STE_001]  (Number of Individuals = 105)
****************
--------------------------------------------------
Lowest Allele Frequency Used     0.050       No S*  
--------------------------------------------------

LINKAGE DISEQUILIBRIUM METHOD

Harmonic Mean Sample Size =       85.7        89.6
Independent Comparisons =    2871207     3761887
OverAll r^2 =                 0.045913    0.043032
Expected r^2 Sample =         0.011104    0.010978
Estimated Ne^ =                    6.5         7.5

95% CIs for Ne^
* Parametric                       6.5         7.5
                                   6.6         7.6

* JackKnife on Samples             5.2         6.3
                                   7.8         8.8

**************************************************
Non-polymorphic loci:     4,     5,     6,     7,     9,    12,    15,    20,
           27,    33,    36,    41,    59,    61,    62,    63,    65,    67,
           72,    77,    80,    81,    83,    90,    93,   104,   105,   107,
          112,   120,   122,   123,   125,   129,   135,   138,   151,   152,
          153,   164,   166,   178,   179,   180,   181,   184,   191,   194,
          195,   197,   199,   200,   210,   219,   220,   224,   225,   228,
          239,   251,   269,   270,   275,   277,   283,   284,   286,   289,
          292,   296,   301,   302,   303,   305,   309,   310,   315,   322,
          323,   328,   330,   331,   332,   335,   347,   352,   354,   355,
          358,   359,   360,   364,   366,   367,   373,   378,   379,   383,
          391,   393,   397,   405,   408,   413,   418,   419,   422,   423,
          430,   435,   436,   441,   452,   461,   462,   465,   474,   476,
          477,   480,   484,   486,   488,   490,   491,   498,   502,   505,
          511,   520,   537,   540,   542,   555,   565,   579,   587,   590,
          592,   593,   594,   595,   598,   601,   609,   610,   615,   621,
          628,   642,   661,   664,   667,   668,   669,   673,   676,   677,
          679,   681,   684,   690,   701,   706,   712,   713,   716,   719,
          720,   723,   727,   735,   737,   738,   742,   745,   752,   760,
          761,   769,   777,   782,   783,   792,   807,   818,   819,   820,
          824,   831,   836,   838,   843,   851,   859,   863,   866,   873,
          875,   879,   883,   886,   887,   891,   899,   900,   911,   914,
          917,   925,   927,   931,   933,   934,   943,   949,   951,   952,
          954,   957,   960,   961,   963,   967,   968,   972,   981,   985,
          986,   988,   993,   995,  1000,  1001,  1003,  1004,  1008,  1011,
         1012,  1015,  1019,  1024,  1025,  1031,  1040,  1041,  1047,  1076,
         1092,  1101,  1102,  1104,  1123,  1130,  1131,  1135,  1137,  1139,
         1140,  1144,  1146,  1149,  1153,  1155,  1162,  1163,  1173,  1174,
         1175,  1178,  1182,  1195,  1206,  1212,  1213,  1217,  1220,  1228,
         1234,  1237,  1239,  1248,  1259,  1262,  1263,  1272,  1284,  1287,
         1288,  1290,  1297,  1308,  1312,  1326,  1332,  1333,  1346,  1348,
         1356,  1357,  1360,  1364,  1369,  1372,  1374,  1378,  1388,  1398,
         1402,  1413,  1414,  1415,  1422,  1423,  1430,  1440,  1441,  1450,
         1453,  1454,  1460,  1467,  1469,  1470,  1471,  1472,  1474,  1475,
         1476,  1482,  1484,  1492,  1496,  1497,  1498,  1502,  1503,  1505,
         1508,  1516,  1519,  1520,  1524,  1529,  1534,  1535,  1538,  1539,
         1540,  1549,  1550,  1556,  1557,  1558,  1561,  1564,  1567,  1568,
         1579,  1585,  1589,  1590,  1591,  1618,  1625,  1630,  1639,  1641,
         1645,  1648,  1654,  1656,  1662,  1669,  1670,  1672,  1679,  1686,
         1687,  1690,  1703,  1704,  1717,  1719,  1720,  1724,  1725,  1726,
         1727,  1729,  1741,  1755,  1772,  1775,  1777,  1779,  1783,  1786,
         1787,  1796,  1798,  1803,  1804,  1814,  1815,  1822,  1823,  1825,
         1826,  1830,  1832,  1833,  1836,  1842,  1853,  1868,  1871,  1872,
         1877,  1881,  1887,  1891,  1901,  1902,  1903,  1904,  1905,  1912,
         1917,  1921,  1922,  1929,  1930,  1931,  1934,  1941,  1943,  1945,
         1947,  1959,  1963,  1966,  1971,  1974,  1985,  1987,  1993,  1995,
         2010,  2013,  2014,  2017,  2026,  2038,  2039,  2057,  2067,  2068,
         2069,  2072,  2073,  2078,  2082,  2087,  2092,  2097,  2102,  2105,
         2108,  2109,  2112,  2115,  2130,  2131,  2133,  2138,  2141,  2142,
         2143,  2145,  2149,  2152,  2155,  2156,  2157,  2163,  2171,  2176,
         2179,  2181,  2183,  2184,  2189,  2190,  2197,  2198,  2200,  2201,
         2206,  2207,  2220,  2224,  2233,  2246,  2248,  2250,  2252,  2259,
         2261,  2267,  2269,  2272,  2273,  2278,  2287,  2289,  2291,  2293,
         2307,  2320,  2323,  2337,  2340,  2341,  2345,  2347,  2357,  2360,
         2372,  2377,  2379,  2383,  2385,  2393,  2394,  2400,  2402,  2404,
         2408,  2409,  2410,  2413,  2418,  2424,  2429,  2430,  2431,  2432,
         2439,  2443,  2446,  2460,  2461,  2463,  2469,  2472,  2475,  2481,
         2482,  2484,  2492,  2500,  2503,  2505,  2509,  2511,  2517,  2525,
         2526,  2530,  2532,  2533,  2539,  2544,  2545,  2546,  2549,  2551,
         2570,  2588,  2592,  2595,  2605,  2609,  2610,  2612,  2615,  2618,
         2627,  2639,  2644,  2649,  2655,  2663,  2666,  2668,  2669,  2671,
         2682,  2684,  2691,  2694,  2708,  2709,  2712,  2718,  2732,  2740,
         2743,  2748,  2750,  2754,  2763,  2767,  2774,  2776,  2777,  2782,
         2783,  2785,  2789,  2790,  2791,  2796,  2799,  2816,  2817,  2819,
         2822,  2831,  2839,  2845,  2847,  2857,  2858,  2859,  2864,  2871,
         2873,  2874,  2885,  2886,  2889,  2891,  2892,  2895,  2897,  2906,
         2907,  2916,  2920,  2924,  2926,  2930,  2931,  2932,  2934,  2935,
         2938,  2942,  2946,  2947,  2949,  2955,  2958,  2963,  2966,  2967,
         2968,  2974,  2976,  2981,  2983,  2992,  2995,  2996,  2997,  2998,
         2999,  3005,  3007,  3011,  3013,  3014,  3017
Total non-polymorphic = 685


Population    16 [PM_SWN_001]  (Number of Individuals = 39)
****************
--------------------------------------------------
Lowest Allele Frequency Used     0.050       No S*  
--------------------------------------------------

LINKAGE DISEQUILIBRIUM METHOD

Harmonic Mean Sample Size =       28.3        30.7
Independent Comparisons =    2525283     2522578
OverAll r^2 =                 0.116552    0.115584
Expected r^2 Sample =         0.034986    0.033803
Estimated Ne^ =                    1.9         2.0

95% CIs for Ne^
* Parametric                       1.9         2.0
                                   1.9         2.0

* JackKnife on Samples             1.7         1.8
                                   2.1         2.3

**************************************************
Non-polymorphic loci:     4,    15,    36,    41,    72,    80,    95,   120,
          129,   153,   180,   199,   200,   210,   220,   239,   275,   289,
          296,   322,   347,   373,   408,   422,   423,   435,   441,   476,
          490,   511,   555,   593,   595,   664,   667,   668,   673,   681,
          684,   716,   727,   735,   738,   745,   760,   820,   839,   873,
          875,   894,   931,   943,  1001,  1019,  1025,  1040,  1101,  1102,
         1140,  1178,  1182,  1212,  1287,  1290,  1369,  1374,  1378,  1453,
         1482,  1524,  1529,  1549,  1557,  1656,  1670,  1679,  1687,  1690,
         1704,  1717,  1727,  1772,  1779,  1868,  1891,  1934,  1941,  1963,
         1971,  1993,  2007,  2010,  2014,  2021,  2038,  2039,  2057,  2068,
         2069,  2087,  2092,  2141,  2181,  2183,  2190,  2200,  2233,  2267,
         2272,  2293,  2345,  2400,  2410,  2432,  2492,  2500,  2545,  2549,
         2578,  2610,  2627,  2649,  2709,  2712,  2718,  2740,  2743,  2791,
         2799,  2819,  2885,  2920,  2926,  2930,  2935,  2949,  2966,  2974,
         2998,  2999,  3007
Total non-polymorphic = 141


Population    17 [PM_TAQ_001]  (Number of Individuals = 94)
****************
--------------------------------------------------
Lowest Allele Frequency Used     0.050       No S*  
--------------------------------------------------

LINKAGE DISEQUILIBRIUM METHOD

Harmonic Mean Sample Size =       85.0        85.6
Independent Comparisons =    3023020     3955048
OverAll r^2 =                 0.017971    0.017371
Expected r^2 Sample =         0.011766    0.011767
Estimated Ne^ =                   51.6        57.3

95% CIs for Ne^
* Parametric                      51.3        57.1
                                  51.8        57.6

* JackKnife on Samples            39.0        43.7
                                  70.6        78.2

**************************************************
Non-polymorphic loci:     4,     5,     6,    15,    36,    64,    72,    77,
           80,    93,    95,   135,   138,   151,   153,   180,   181,   195,
          199,   200,   210,   220,   239,   275,   289,   292,   296,   323,
          330,   347,   373,   378,   395,   408,   419,   422,   423,   435,
          441,   443,   465,   476,   477,   480,   484,   490,   511,   555,
          565,   573,   577,   590,   593,   615,   663,   664,   667,   668,
          679,   681,   684,   694,   701,   716,   727,   735,   745,   761,
          820,   851,   873,   875,   879,   885,   887,   891,   900,   927,
          931,   943,   960,   981,   995,  1003,  1004,  1012,  1019,  1025,
         1040,  1092,  1101,  1102,  1104,  1130,  1140,  1212,  1237,  1263,
         1272,  1287,  1290,  1326,  1348,  1350,  1367,  1369,  1372,  1374,
         1413,  1453,  1467,  1539,  1557,  1558,  1562,  1584,  1585,  1645,
         1656,  1658,  1670,  1679,  1687,  1717,  1728,  1751,  1772,  1779,
         1783,  1786,  1796,  1836,  1853,  1868,  1871,  1872,  1877,  1891,
         1912,  1934,  1941,  1966,  1971,  1974,  1985,  1993,  2007,  2010,
         2014,  2021,  2038,  2039,  2057,  2068,  2069,  2087,  2092,  2142,
         2143,  2152,  2157,  2181,  2190,  2206,  2233,  2266,  2267,  2272,
         2323,  2333,  2372,  2393,  2400,  2410,  2413,  2430,  2432,  2462,
         2481,  2482,  2489,  2492,  2500,  2533,  2545,  2549,  2602,  2610,
         2627,  2678,  2712,  2719,  2740,  2743,  2748,  2750,  2754,  2760,
         2774,  2799,  2819,  2885,  2886,  2904,  2906,  2924,  2926,  2929,
         2930,  2935,  2939,  2949,  2966,  2974,  2981,  2999,  3014
Total non-polymorphic = 217


Population    18 [PM_TWO_001]  (Number of Individuals = 43)
****************
--------------------------------------------------
Lowest Allele Frequency Used     0.050       No S*  
--------------------------------------------------

LINKAGE DISEQUILIBRIUM METHOD

Harmonic Mean Sample Size =       40.0        40.2
Independent Comparisons =    2937879     3551252
OverAll r^2 =                 0.037041    0.036465
Expected r^2 Sample =         0.026320    0.026277
Estimated Ne^ =                   28.9        30.5

95% CIs for Ne^
* Parametric                      28.7        30.3
                                  29.0        30.7

* JackKnife on Samples            20.1        21.2
                                  44.2        47.2

**************************************************

Ending time: Thu Feb 11 10:14:57 2021
-------------------------------------

