Output from NeEstimator v2.1
Starting time: Thu Feb 11 09:48:09 2021
Input File: "Neestimator_2019.txt"

Number of Loci = 3019


Mating Model: Random

Lowest allele frequency used:    0.0500
Up to 17 righmost characters can be shown for population names.
-------------------------------------------------------------------------------------------------------------------------
Population #   Samp  Weighted      #Indep.   r^2     Exp(r^2)       Ne^                 CIs for Ne^
then by :Name  Size  H. Mean       Alleles            Sample                    Parametric       Jackknife Samp  (Eff.df)
-------------------------------------------------------------------------------------------------------------------------
1:PM_BAD_001    37     25.2     2553535  0.092425  0.036774        2.8       2.8       2.8       2.3       3.3       676
2:_BEI_001.x   160    145.3     3174147  0.018992  0.006881       25.3      25.2      25.3      23.2      27.5      3266
3:_BET_001.x   246    220.9     3133902  0.014160  0.004405       32.0      31.9      32.0      29.3      34.8      2516
4:PM_BRL_001    33     30.0     2988450  0.038943  0.034665       75.8      74.7      77.0      42.3     232.7      1272
5:PM_CAT_001   241    219.5     3122738  0.014061  0.004547       32.8      32.7      32.9      29.2      36.9      1416
6:PM_CHE_058    51     48.0     1560217  0.050144  0.021766        9.1       9.0       9.1       7.2      11.2      1008
7:PM_EAG_001    21     18.7     3220390  0.079043  0.060918       15.1      15.0      15.2       2.8  Infinite        65
8:PM_FOR_001   122     97.7     3120585  0.015946  0.009124       46.7      46.5      46.9      35.4      63.1       560
9:PM_MAI_001    30     27.0     2980404  0.072645  0.040688        7.5       7.4       7.5       4.7      11.0       489
10:M_MAN_001   185    164.4     3096649  0.008163  0.005863      142.8     142.0     143.7     118.0     176.9      2458
11:M_MIR_003   457    334.9     3074036  0.003917  0.002480      229.9     228.9     230.9     204.8     259.6      4146
12:M_MIS_001    37     34.5     2822163  0.057558  0.031200       10.0      10.0      10.1       8.1      12.3      1516
13:M_MUS_001    53     49.3     3077902  0.022328  0.020952      240.2     234.2     246.6     164.2     429.5     10103
14:M_OCQ_397   121    110.6     3150770  0.011467  0.009015      133.9     132.9     134.9     105.3     178.0      2585
15:M_STE_001   105     85.7     2871207  0.045913  0.011104        6.5       6.5       6.6       5.2       7.8      1299
16:M_SWN_001    39     28.3     2525283  0.116552  0.034986        1.9       1.9       1.9       1.7       2.1      1449
17:M_TAQ_001    94     85.0     3023020  0.017971  0.011766       51.6      51.3      51.8      39.0      70.6       816
18:M_TWO_001    43     40.0     2937879  0.037041  0.026320       28.9      28.7      29.0      20.1      44.2       723

Ending time: Thu Feb 11 10:14:57 2021
-------------------------------------

