Output from NeEstimator v2.1
Starting time: Fri Jan 14 16:56:34 2022
Input File: "OCQNeestimator_2019.txt"

Number of Loci = 2999

Non-polymorphic loci:    35,    39,    45,    51,    72,    80,    87,   123,
          178,   180,   224,   235,   244,   254,   256,   257,   267,   287,
          294,   295,   314,   338,   346,   356,   371,   377,   391,   420,
          424,   428,   433,   439,   450,   456,   474,   496,   509,   536,
          591,   601,   611,   664,   666,   671,   676,   679,   711,   754,
          775,   801,   817,   872,   877,   879,   885,   891,   908,   926,
          933,   944,   950,   953,   957,   969,   985,   989,  1000,  1002,
         1008,  1015,  1021,  1024,  1040,  1056,  1066,  1076,  1080,  1081,
         1099,  1103,  1104,  1143,  1146,  1218,  1242,  1261,  1281,  1291,
         1298,  1314,  1316,  1321,  1361,  1413,  1430,  1432,  1460,  1477,
         1479,  1487,  1492,  1520,  1522,  1526,  1549,  1552,  1576,  1584,
         1585,  1593,  1594,  1623,  1627,  1642,  1647,  1652,  1658,  1661,
         1670,  1693,  1704,  1708,  1727,  1742,  1782,  1813,  1818,  1819,
         1831,  1841,  1855,  1859,  1908,  1932,  1949,  1957,  1961,  1965,
         1968,  1981,  1982,  1997,  2000,  2004,  2011,  2028,  2029,  2043,
         2056,  2080,  2085,  2141,  2153,  2171,  2176,  2177,  2185,  2193,
         2220,  2224,  2258,  2278,  2294,  2320,  2344,  2368,  2386,  2406,
         2433,  2438,  2443,  2451,  2470,  2475,  2482,  2504,  2524,  2529,
         2530,  2551,  2560,  2561,  2593,  2646,  2657,  2672,  2673,  2675,
         2676,  2722,  2725,  2756,  2760,  2769,  2771,  2775,  2777,  2801,
         2804,  2806,  2830,  2868,  2871,  2880,  2900,  2902,  2905,  2908,
         2911,  2919,  2920,  2924,  2930,  2931,  2939,  2944,  2945,  2957,
         2959,  2962,  2970,  2972,  2980,  2981,  2988,  2994
Total non-polymorphic = 226

LD mating model: Random

(Symbol "No S*" in Frequency means that NO Singleton Alleles are accepted.)

Population     1 [PM_OCQ_397]  (Number of Individuals = 86)
****************
--------------------------------------------------------------
Lowest Allele Frequency Used     0.050       No S*         0+
--------------------------------------------------------------

LINKAGE DISEQUILIBRIUM METHOD

Harmonic Mean Sample Size =       74.2        80.1        79.1
Independent Comparisons =    1056338     2799589     3806152
OverAll r^2 =                 0.015756    0.015162    0.014615
Expected r^2 Sample =         0.012667    0.012492    0.012494
Estimated Ne^ =                  105.8       122.7       155.1

95% CIs for Ne^
* Parametric                     104.3       121.6       153.6
                                 107.3       123.9       156.6

* JackKnife on Samples            79.7        92.7       117.3
                                 150.2       174.1       221.1

**************************************************************
Non-polymorphic loci:     4,    13,    15,    16,    24,    27,    29,    30,
           33,    37,    42,    43,    44,    51,    59,    72,    75,    80,
           85,    89,   100,   101,   103,   104,   108,   110,   115,   118,
          125,   126,   127,   128,   131,   134,   137,   141,   143,   150,
          154,   161,   164,   178,   179,   181,   182,   186,   187,   190,
          196,   197,   208,   222,   223,   227,   228,   230,   250,   253,
          262,   271,   274,   275,   277,   284,   286,   287,   294,   300,
          304,   306,   310,   316,   324,   325,   330,   332,   340,   347,
          348,   350,   362,   366,   370,   375,   376,   377,   379,   386,
          393,   396,   406,   407,   408,   412,   415,   416,   427,   431,
          439,   442,   445,   457,   461,   462,   472,   474,   480,   483,
          488,   490,   494,   505,   509,   513,   514,   521,   524,   525,
          528,   534,   535,   541,   547,   549,   558,   560,   562,   566,
          567,   570,   575,   577,   579,   581,   585,   588,   590,   594,
          606,   609,   612,   614,   615,   626,   628,   630,   632,   641,
          643,   647,   656,   660,   662,   663,   665,   666,   669,   671,
          674,   679,   682,   685,   688,   692,   698,   699,   710,   721,
          725,   727,   729,   732,   733,   743,   750,   758,   761,   762,
          764,   766,   771,   774,   781,   786,   794,   805,   808,   809,
          810,   822,   825,   827,   833,   834,   842,   850,   856,   858,
          870,   872,   876,   884,   891,   892,   897,   898,   899,   902,
          904,   917,   918,   922,   924,   932,   936,   938,   941,   943,
          945,   956,   963,   964,   966,   976,   977,   982,   993,  1011,
         1013,  1015,  1016,  1020,  1021,  1031,  1034,  1036,  1048,  1049,
         1054,  1084,  1090,  1093,  1094,  1101,  1107,  1108,  1110,  1113,
         1114,  1122,  1127,  1128,  1135,  1143,  1145,  1150,  1160,  1165,
         1167,  1173,  1177,  1178,  1179,  1184,  1185,  1187,  1189,  1198,
         1201,  1203,  1207,  1213,  1214,  1215,  1216,  1217,  1223,  1225,
         1226,  1232,  1244,  1249,  1253,  1255,  1256,  1260,  1261,  1274,
         1277,  1281,  1283,  1285,  1302,  1308,  1320,  1324,  1330,  1338,
         1340,  1342,  1347,  1361,  1363,  1370,  1371,  1374,  1377,  1379,
         1388,  1392,  1394,  1402,  1403,  1404,  1405,  1406,  1417,  1429,
         1432,  1433,  1445,  1452,  1461,  1464,  1472,  1474,  1480,  1486,
         1491,  1495,  1496,  1497,  1499,  1501,  1502,  1515,  1516,  1518,
         1523,  1536,  1541,  1543,  1547,  1548,  1551,  1553,  1554,  1557,
         1565,  1570,  1571,  1575,  1582,  1586,  1588,  1601,  1619,  1628,
         1650,  1651,  1655,  1656,  1659,  1670,  1678,  1681,  1682,  1684,
         1687,  1689,  1695,  1697,  1698,  1699,  1708,  1720,  1723,  1727,
         1728,  1730,  1745,  1746,  1750,  1758,  1759,  1763,  1770,  1777,
         1780,  1783,  1785,  1791,  1793,  1809,  1810,  1811,  1820,  1827,
         1829,  1830,  1832,  1859,  1863,  1871,  1873,  1874,  1877,  1878,
         1881,  1882,  1883,  1886,  1889,  1894,  1895,  1900,  1905,  1910,
         1914,  1915,  1920,  1926,  1929,  1930,  1941,  1946,  1951,  1955,
         1956,  1961,  1962,  1967,  1972,  1979,  1982,  1985,  1986,  1997,
         2003,  2004,  2012,  2015,  2016,  2017,  2018,  2032,  2050,  2052,
         2055,  2060,  2064,  2069,  2077,  2078,  2080,  2081,  2082,  2091,
         2095,  2103,  2107,  2110,  2120,  2128,  2130,  2131,  2135,  2136,
         2140,  2141,  2143,  2145,  2147,  2150,  2155,  2157,  2160,  2169,
         2175,  2179,  2183,  2191,  2193,  2213,  2215,  2230,  2231,  2233,
         2238,  2246,  2247,  2249,  2253,  2254,  2259,  2260,  2268,  2271,
         2275,  2287,  2288,  2300,  2307,  2310,  2312,  2313,  2315,  2325,
         2328,  2330,  2332,  2334,  2336,  2350,  2358,  2360,  2367,  2372,
         2373,  2378,  2380,  2389,  2397,  2398,  2399,  2403,  2404,  2409,
         2414,  2417,  2418,  2419,  2420,  2424,  2430,  2435,  2436,  2437,
         2439,  2452,  2457,  2461,  2463,  2467,  2469,  2477,  2482,  2483,
         2484,  2485,  2486,  2487,  2491,  2492,  2493,  2496,  2501,  2513,
         2515,  2529,  2532,  2533,  2536,  2540,  2551,  2555,  2556,  2565,
         2569,  2570,  2571,  2576,  2577,  2586,  2587,  2594,  2596,  2597,
         2602,  2604,  2607,  2610,  2613,  2627,  2629,  2631,  2636,  2639,
         2649,  2650,  2653,  2656,  2660,  2663,  2666,  2668,  2674,  2677,
         2688,  2689,  2699,  2705,  2719,  2722,  2725,  2727,  2732,  2733,
         2734,  2736,  2746,  2750,  2762,  2766,  2773,  2774,  2777,  2779,
         2781,  2790,  2792,  2805,  2806,  2807,  2816,  2817,  2819,  2823,
         2827,  2829,  2840,  2841,  2847,  2864,  2865,  2874,  2881,  2883,
         2885,  2886,  2891,  2893,  2894,  2899,  2906,  2908,  2910,  2915,
         2916,  2917,  2918,  2920,  2923,  2928,  2930,  2936,  2943,  2945,
         2951,  2953,  2954,  2956,  2957,  2958,  2960,  2962,  2965,  2974,
         2977,  2979,  2980,  2986,  2987,  2988,  2989,  2990,  2991,  2995,
         2997
Total non-polymorphic = 679


Population     2 [PM_OCQ_404]  (Number of Individuals = 35)
****************
--------------------------------------------------------------
Lowest Allele Frequency Used     0.050       No S*         0+
--------------------------------------------------------------

LINKAGE DISEQUILIBRIUM METHOD

Harmonic Mean Sample Size =       31.5        32.7        32.6
Independent Comparisons =    1017093     1736166     2654099
OverAll r^2 =                 0.042531    0.040611    0.038430
Expected r^2 Sample =         0.033174    0.032731    0.032626
Estimated Ne^ =                   33.4        40.1        55.3

95% CIs for Ne^
* Parametric                      33.0        39.7        54.6
                                  33.9        40.6        55.9

* JackKnife on Samples            19.2        24.2        33.3
                                  75.2        83.8       123.0

**************************************************************

Ending time: Fri Jan 14 16:58:25 2022
-------------------------------------

