Output from NeEstimator v2.1
Starting time: Mon Aug  2 13:38:36 2021
Input File: "OCQNeestimator_2019_age0.txt"

Number of Loci = 2999

Non-polymorphic loci:     5,     6,    13,    15,    16,    27,    29,    30,
           32,    33,    37,    38,    42,    43,    48,    52,    56,    72,
           75,    77,    84,    85,    89,    96,   100,   103,   108,   110,
          115,   118,   120,   125,   126,   127,   128,   131,   133,   134,
          137,   141,   150,   154,   155,   157,   161,   164,   169,   173,
          178,   179,   180,   183,   185,   186,   187,   190,   196,   208,
          218,   222,   223,   227,   228,   230,   249,   250,   253,   256,
          260,   262,   265,   271,   274,   275,   277,   284,   300,   306,
          307,   308,   310,   316,   325,   330,   333,   342,   346,   347,
          350,   352,   355,   356,   362,   366,   368,   375,   376,   377,
          379,   386,   393,   396,   407,   408,   409,   412,   415,   416,
          427,   434,   442,   445,   457,   460,   461,   462,   469,   472,
          473,   474,   480,   483,   494,   495,   501,   505,   513,   521,
          524,   528,   534,   535,   551,   558,   560,   562,   566,   567,
          570,   575,   577,   579,   580,   581,   584,   585,   588,   590,
          600,   602,   604,   606,   609,   610,   612,   614,   619,   623,
          626,   628,   630,   641,   643,   647,   648,   652,   656,   660,
          662,   663,   665,   669,   682,   688,   690,   698,   699,   700,
          705,   710,   712,   725,   727,   729,   732,   733,   734,   740,
          743,   754,   758,   761,   762,   764,   765,   766,   770,   774,
          781,   786,   794,   803,   805,   808,   809,   822,   825,   827,
          833,   842,   850,   856,   858,   870,   872,   876,   891,   892,
          897,   898,   899,   902,   904,   917,   918,   921,   922,   924,
          932,   936,   938,   941,   943,   945,   963,   964,   968,   976,
          977,   982,   993,   995,   999,  1004,  1011,  1013,  1016,  1021,
         1031,  1034,  1036,  1043,  1048,  1049,  1054,  1057,  1058,  1068,
         1083,  1086,  1093,  1094,  1095,  1101,  1107,  1114,  1119,  1122,
         1127,  1128,  1133,  1135,  1139,  1141,  1150,  1159,  1160,  1163,
         1165,  1167,  1170,  1173,  1174,  1177,  1178,  1184,  1185,  1187,
         1188,  1189,  1191,  1201,  1202,  1209,  1213,  1214,  1217,  1223,
         1225,  1232,  1244,  1248,  1249,  1250,  1253,  1256,  1260,  1261,
         1271,  1274,  1276,  1277,  1281,  1283,  1284,  1285,  1292,  1302,
         1307,  1308,  1322,  1324,  1328,  1330,  1342,  1349,  1361,  1363,
         1370,  1371,  1374,  1377,  1379,  1391,  1392,  1394,  1401,  1402,
         1403,  1404,  1405,  1406,  1417,  1422,  1429,  1430,  1433,  1437,
         1445,  1446,  1452,  1461,  1464,  1472,  1474,  1480,  1486,  1488,
         1491,  1492,  1494,  1495,  1497,  1499,  1500,  1501,  1502,  1506,
         1515,  1516,  1520,  1522,  1523,  1524,  1530,  1535,  1536,  1541,
         1543,  1546,  1547,  1548,  1549,  1551,  1553,  1554,  1557,  1559,
         1562,  1565,  1566,  1570,  1571,  1575,  1582,  1585,  1588,  1592,
         1598,  1601,  1602,  1611,  1612,  1613,  1617,  1628,  1629,  1632,
         1644,  1649,  1650,  1651,  1655,  1656,  1659,  1662,  1670,  1677,
         1678,  1680,  1681,  1687,  1695,  1697,  1698,  1699,  1700,  1708,
         1720,  1723,  1728,  1745,  1746,  1750,  1754,  1758,  1759,  1761,
         1763,  1770,  1771,  1776,  1777,  1778,  1783,  1785,  1788,  1791,
         1793,  1796,  1810,  1811,  1815,  1822,  1826,  1829,  1832,  1837,
         1861,  1863,  1871,  1873,  1874,  1877,  1881,  1882,  1883,  1885,
         1886,  1889,  1890,  1893,  1894,  1895,  1900,  1904,  1905,  1908,
         1910,  1914,  1915,  1920,  1921,  1926,  1928,  1930,  1941,  1944,
         1946,  1948,  1951,  1953,  1955,  1956,  1962,  1967,  1972,  1979,
         1985,  1986,  1997,  2008,  2012,  2015,  2017,  2018,  2023,  2026,
         2040,  2043,  2046,  2047,  2050,  2052,  2053,  2055,  2062,  2064,
         2067,  2069,  2071,  2077,  2078,  2082,  2084,  2093,  2095,  2099,
         2103,  2107,  2110,  2120,  2128,  2129,  2130,  2131,  2136,  2140,
         2143,  2145,  2147,  2150,  2153,  2155,  2157,  2160,  2165,  2169,
         2175,  2183,  2184,  2191,  2206,  2207,  2213,  2215,  2231,  2232,
         2237,  2238,  2246,  2247,  2248,  2252,  2253,  2254,  2259,  2260,
         2268,  2271,  2275,  2279,  2287,  2288,  2292,  2307,  2310,  2312,
         2313,  2322,  2325,  2328,  2330,  2337,  2345,  2346,  2347,  2349,
         2350,  2354,  2357,  2358,  2365,  2367,  2369,  2378,  2380,  2384,
         2389,  2397,  2398,  2399,  2403,  2404,  2409,  2417,  2418,  2419,
         2420,  2424,  2426,  2427,  2430,  2435,  2436,  2437,  2439,  2447,
         2450,  2459,  2461,  2463,  2467,  2469,  2477,  2478,  2480,  2482,
         2483,  2484,  2485,  2486,  2487,  2488,  2491,  2492,  2493,  2494,
         2495,  2496,  2499,  2501,  2505,  2506,  2508,  2513,  2514,  2515,
         2518,  2523,  2531,  2532,  2533,  2535,  2536,  2539,  2540,  2548,
         2549,  2555,  2565,  2568,  2569,  2570,  2571,  2576,  2577,  2578,
         2586,  2587,  2594,  2596,  2597,  2598,  2602,  2604,  2607,  2610,
         2613,  2615,  2616,  2624,  2627,  2629,  2636,  2639,  2647,  2649,
         2651,  2653,  2656,  2660,  2662,  2663,  2666,  2672,  2674,  2677,
         2679,  2688,  2699,  2705,  2712,  2713,  2714,  2717,  2718,  2719,
         2720,  2721,  2722,  2725,  2727,  2731,  2732,  2733,  2734,  2736,
         2737,  2746,  2749,  2750,  2756,  2762,  2765,  2769,  2773,  2774,
         2779,  2781,  2782,  2791,  2792,  2796,  2803,  2804,  2805,  2806,
         2807,  2815,  2816,  2817,  2819,  2820,  2827,  2829,  2840,  2841,
         2847,  2860,  2864,  2865,  2870,  2874,  2881,  2885,  2886,  2894,
         2899,  2900,  2906,  2908,  2910,  2912,  2915,  2916,  2917,  2921,
         2923,  2926,  2928,  2930,  2933,  2938,  2947,  2951,  2953,  2956,
         2957,  2958,  2960,  2962,  2965,  2966,  2967,  2970,  2976,  2977,
         2979,  2985,  2986,  2987,  2988,  2990,  2991,  2995,  2996,  2997
Total non-polymorphic = 798

LD mating model: Random

(Symbol "No S*" in Frequency means that NO Singleton Alleles are accepted.)

Population     1 [PM_OCQ_404]  (Number of Individuals = 34)
****************
--------------------------------------------------------------
Lowest Allele Frequency Used     0.050       No S*         0+
--------------------------------------------------------------

LINKAGE DISEQUILIBRIUM METHOD

Harmonic Mean Sample Size =       32.2        32.8        32.8
Independent Comparisons =     779341     1472159     2404221
OverAll r^2 =                 0.042591    0.041012    0.038676
Expected r^2 Sample =         0.033314    0.033047    0.032953
Estimated Ne^ =                   33.7        39.7        56.1

95% CIs for Ne^
* Parametric                      33.2        39.2        55.4
                                  34.2        40.2        56.8

* JackKnife on Samples            19.2        23.8        33.7
                                  77.1        83.9       126.4

**************************************************************

Ending time: Mon Aug  2 13:39:01 2021
-------------------------------------

