Output from NeEstimator v2.1
Starting time: Mon Aug  2 13:58:44 2021
Input File: "OCQNeestimator_2019_age1_split.txt"

Number of Loci = 2999

Non-polymorphic loci:    35,    39,    44,    45,    59,    80,    87,   166,
          215,   224,   235,   244,   257,   286,   294,   295,   296,   314,
          338,   344,   363,   371,   391,   420,   424,   428,   433,   439,
          456,   490,   496,   509,   591,   601,   611,   645,   651,   653,
          664,   666,   671,   676,   679,   711,   771,   775,   778,   801,
          817,   877,   879,   885,   890,   903,   926,   933,   950,   957,
          969,   985,   989,  1000,  1005,  1008,  1024,  1040,  1056,  1066,
         1069,  1076,  1080,  1081,  1104,  1143,  1162,  1168,  1218,  1226,
         1231,  1238,  1242,  1247,  1288,  1291,  1294,  1314,  1316,  1321,
         1340,  1413,  1421,  1436,  1453,  1477,  1479,  1484,  1485,  1510,
         1526,  1552,  1556,  1574,  1576,  1584,  1593,  1594,  1623,  1626,
         1627,  1642,  1647,  1658,  1661,  1693,  1704,  1721,  1727,  1742,
         1764,  1782,  1787,  1813,  1818,  1819,  1831,  1841,  1855,  1859,
         1866,  1878,  1898,  1903,  1932,  1950,  1961,  1968,  1976,  1981,
         1982,  1995,  2000,  2028,  2029,  2056,  2079,  2081,  2085,  2176,
         2177,  2185,  2193,  2199,  2205,  2220,  2224,  2258,  2265,  2266,
         2278,  2294,  2323,  2336,  2343,  2344,  2356,  2368,  2386,  2392,
         2412,  2414,  2433,  2438,  2443,  2451,  2452,  2475,  2490,  2512,
         2521,  2529,  2530,  2551,  2561,  2583,  2593,  2628,  2633,  2641,
         2646,  2657,  2673,  2676,  2760,  2771,  2775,  2777,  2812,  2823,
         2830,  2832,  2868,  2871,  2880,  2893,  2902,  2905,  2911,  2919,
         2920,  2924,  2931,  2939,  2959,  2972,  2981,  2994
Total non-polymorphic = 216

LD mating model: Random

(Symbol "No S*" in Frequency means that NO Singleton Alleles are accepted.)

Population     1 [PM_OCQ_397]  (Number of Individuals = 87)
****************
--------------------------------------------------------------
Lowest Allele Frequency Used     0.050       No S*         0+
--------------------------------------------------------------

LINKAGE DISEQUILIBRIUM METHOD

Harmonic Mean Sample Size =       80.4        84.1        83.6
Independent Comparisons =     817645     2536992     3846313
OverAll r^2 =                 0.015385    0.014751    0.014029
Expected r^2 Sample =         0.012251    0.012158    0.012151
Estimated Ne^ =                  104.2       126.4       175.4

95% CIs for Ne^
* Parametric                     102.7       125.2       173.5
                                 105.9       127.7       177.3

* JackKnife on Samples            78.7        95.4       133.0
                                 147.3       179.9       249.7

**************************************************************

Ending time: Mon Aug  2 13:59:57 2021
-------------------------------------

