Output from NeEstimator v2.1
Starting time: Fri Jan 14 16:41:13 2022
Input File: "SWNNeestimator_2019.txt"

Number of Loci = 2659

Non-polymorphic loci:     9,    12,    31,    36,    45,    55,    56,    69,
           89,    94,   108,   139,   146,   170,   173,   183,   209,   221,
          245,   252,   265,   266,   277,   282,   283,   289,   317,   333,
          334,   347,   356,   363,   365,   411,   415,   419,   420,   434,
          456,   481,   488,   557,   582,   610,   622,   628,   631,   649,
          656,   664,   683,   706,   728,   752,   766,   770,   774,   777,
          801,   812,   825,   833,   842,   851,   869,   870,   883,   888,
          890,   896,   902,   957,   994,   997,  1000,  1017,  1057,  1069,
         1085,  1104,  1108,  1143,  1147,  1148,  1164,  1193,  1197,  1199,
         1207,  1208,  1211,  1221,  1252,  1270,  1318,  1322,  1335,  1339,
         1359,  1366,  1390,  1396,  1402,  1423,  1440,  1451,  1453,  1466,
         1467,  1496,  1497,  1511,  1512,  1518,  1576,  1602,  1603,  1605,
         1610,  1629,  1643,  1646,  1655,  1673,  1684,  1705,  1719,  1721,
         1725,  1757,  1758,  1766,  1768,  1771,  1791,  1792,  1802,  1810,
         1821,  1844,  1849,  1854,  1876,  1883,  1886,  1889,  1900,  1914,
         1926,  1955,  1957,  1969,  1971,  1979,  2004,  2006,  2017,  2069,
         2078,  2079,  2081,  2088,  2090,  2112,  2116,  2117,  2118,  2124,
         2135,  2137,  2146,  2183,  2203,  2233,  2240,  2242,  2258,  2295,
         2296,  2301,  2307,  2348,  2354,  2392,  2419,  2439,  2450,  2468,
         2495,  2503,  2520,  2522,  2523,  2535,  2537,  2547,  2550,  2565,
         2580,  2582,  2588,  2601,  2619,  2622,  2626,  2632,  2638,  2644,
         2655
Total non-polymorphic = 209

LD mating model: Random

(Symbol "No S*" in Frequency means that NO Singleton Alleles are accepted.)

Population     1 [PM_SWN_001]  (Number of Individuals = 38)
****************
--------------------------------------------------------------
Lowest Allele Frequency Used     0.050       No S*         0+
--------------------------------------------------------------

LINKAGE DISEQUILIBRIUM METHOD

Harmonic Mean Sample Size =       25.7        30.0        26.2
Independent Comparisons =    2567710     2538991     2936534
OverAll r^2 =                 0.123176    0.121131    0.114138
Expected r^2 Sample =         0.037544    0.034912    0.036921
Estimated Ne^ =                    1.8         1.9         2.0

95% CIs for Ne^
* Parametric                       1.8         1.9         2.0
                                   1.8         1.9         2.0

* JackKnife on Samples             1.6         1.7         1.6
                                   2.0         2.1         2.4

**************************************************************

Ending time: Fri Jan 14 16:42:03 2022
-------------------------------------

