Output from NeEstimator v2.1
Starting time: Fri Jan 14 16:33:05 2022
Input File: "TWONeestimator_2019.txt"

Number of Loci = 2946

Non-polymorphic loci:     4,     5,    59,    61,    96,    98,    99,   110,
          131,   153,   158,   161,   162,   172,   194,   208,   224,   230,
          247,   266,   288,   345,   357,   362,   396,   409,   427,   428,
          441,   442,   467,   476,   483,   503,   511,   516,   529,   531,
          535,   545,   570,   573,   591,   593,   595,   614,   615,   659,
          662,   682,   693,   731,   736,   742,   744,   754,   767,   771,
          779,   794,   799,   806,   834,   847,   851,   852,   857,   872,
          894,   901,   914,   931,   932,   938,   939,   981,   983,  1009,
         1031,  1046,  1049,  1061,  1070,  1091,  1098,  1113,  1114,  1218,
         1248,  1251,  1259,  1260,  1261,  1285,  1325,  1328,  1341,  1362,
         1371,  1382,  1387,  1402,  1413,  1420,  1427,  1442,  1444,  1467,
         1480,  1481,  1483,  1486,  1497,  1521,  1534,  1538,  1544,  1582,
         1604,  1645,  1675,  1679,  1689,  1699,  1705,  1707,  1716,  1721,
         1751,  1777,  1787,  1797,  1807,  1822,  1825,  1832,  1858,  1892,
         1911,  1918,  1932,  1940,  1942,  1952,  1957,  1964,  1970,  1971,
         1988,  2018,  2031,  2084,  2091,  2101,  2103,  2130,  2203,  2205,
         2213,  2234,  2238,  2252,  2263,  2266,  2303,  2321,  2329,  2337,
         2353,  2374,  2389,  2404,  2405,  2424,  2425,  2430,  2433,  2438,
         2446,  2530,  2547,  2561,  2562,  2564,  2621,  2622,  2623,  2627,
         2629,  2633,  2687,  2704,  2707,  2721,  2726,  2727,  2741,  2743,
         2763,  2773,  2829,  2834,  2837,  2873,  2875,  2903,  2920,  2927,
         2935
Total non-polymorphic = 209

LD mating model: Random

(Symbol "No S*" in Frequency means that NO Singleton Alleles are accepted.)

Population     1 [PM_TWO_001]  (Number of Individuals = 35)
****************
--------------------------------------------------------------
Lowest Allele Frequency Used     0.050       No S*         0+
--------------------------------------------------------------

LINKAGE DISEQUILIBRIUM METHOD

Harmonic Mean Sample Size =       30.2        32.6        31.4
Independent Comparisons =    1968681     2756247     3700998
OverAll r^2 =                 0.049267    0.047516    0.044702
Expected r^2 Sample =         0.032788    0.032499    0.032564
Estimated Ne^ =                   17.9        19.9        25.2

95% CIs for Ne^
* Parametric                      17.8        19.8        25.1
                                  18.0        20.0        25.4

* JackKnife on Samples            11.9        13.6        16.9
                                  28.2        30.6        40.8

**************************************************************
Non-polymorphic loci:     4,     5,     7,    10,    11,    13,    15,    16,
           18,    27,    33,    34,    35,    39,    60,    71,    72,    73,
           76,    77,    78,    85,    87,    88,    93,   101,   104,   105,
          106,   113,   116,   117,   119,   121,   123,   125,   126,   128,
          129,   131,   135,   140,   142,   145,   156,   172,   178,   184,
          186,   192,   202,   207,   211,   215,   218,   221,   224,   227,
          230,   234,   238,   241,   242,   243,   244,   259,   262,   263,
          265,   270,   272,   273,   274,   275,   282,   286,   289,   291,
          292,   293,   296,   298,   299,   301,   311,   312,   313,   315,
          316,   320,   322,   323,   324,   329,   330,   332,   339,   346,
          347,   349,   352,   353,   354,   362,   366,   367,   368,   370,
          371,   372,   373,   374,   385,   389,   394,   395,   396,   402,
          404,   406,   420,   421,   423,   427,   435,   436,   438,   445,
          447,   457,   458,   461,   462,   464,   471,   476,   477,   478,
          480,   485,   486,   487,   500,   504,   509,   517,   534,   535,
          536,   537,   539,   541,   542,   544,   545,   547,   548,   549,
          552,   553,   554,   570,   572,   573,   575,   587,   588,   589,
          595,   596,   597,   601,   608,   637,   640,   642,   646,   647,
          650,   651,   653,   654,   657,   659,   660,   661,   662,   668,
          670,   674,   683,   684,   689,   693,   702,   703,   713,   714,
          724,   735,   736,   737,   738,   747,   748,   750,   754,   755,
          757,   758,   759,   770,   776,   792,   793,   810,   811,   813,
          816,   817,   826,   832,   835,   845,   847,   850,   851,   852,
          854,   855,   856,   857,   859,   861,   862,   864,   866,   867,
          871,   873,   874,   877,   883,   886,   893,   895,   897,   898,
          900,   904,   905,   914,   915,   916,   918,   919,   922,   923,
          924,   925,   928,   929,   930,   933,   935,   943,   952,   953,
          957,   959,   961,   967,   968,   972,   977,   978,   981,   988,
          994,   995,   996,   999,  1001,  1002,  1006,  1009,  1010,  1011,
         1014,  1015,  1017,  1020,  1021,  1024,  1048,  1052,  1055,  1058,
         1060,  1061,  1062,  1063,  1064,  1070,  1071,  1077,  1082,  1083,
         1084,  1085,  1086,  1087,  1088,  1097,  1098,  1106,  1109,  1110,
         1112,  1115,  1120,  1125,  1129,  1130,  1132,  1140,  1141,  1144,
         1145,  1149,  1150,  1153,  1155,  1156,  1157,  1161,  1168,  1170,
         1171,  1173,  1174,  1178,  1179,  1184,  1186,  1188,  1193,  1195,
         1199,  1200,  1204,  1207,  1215,  1219,  1223,  1224,  1228,  1233,
         1234,  1236,  1239,  1240,  1243,  1255,  1262,  1269,  1273,  1298,
         1310,  1311,  1312,  1313,  1314,  1317,  1323,  1328,  1329,  1333,
         1334,  1338,  1339,  1347,  1348,  1357,  1360,  1361,  1370,  1372,
         1373,  1389,  1392,  1394,  1396,  1399,  1400,  1401,  1407,  1411,
         1413,  1427,  1436,  1437,  1439,  1448,  1450,  1452,  1455,  1458,
         1459,  1460,  1461,  1463,  1464,  1466,  1472,  1474,  1475,  1476,
         1479,  1484,  1487,  1489,  1493,  1494,  1500,  1501,  1505,  1509,
         1510,  1511,  1517,  1521,  1523,  1527,  1529,  1533,  1539,  1540,
         1544,  1548,  1549,  1550,  1552,  1553,  1557,  1559,  1560,  1563,
         1564,  1566,  1569,  1573,  1579,  1584,  1585,  1587,  1589,  1598,
         1600,  1602,  1604,  1612,  1615,  1618,  1621,  1626,  1628,  1629,
         1634,  1645,  1648,  1654,  1656,  1662,  1663,  1665,  1669,  1672,
         1673,  1675,  1679,  1683,  1687,  1693,  1698,  1704,  1707,  1712,
         1713,  1720,  1722,  1730,  1735,  1738,  1739,  1740,  1741,  1742,
         1744,  1745,  1747,  1751,  1754,  1764,  1769,  1774,  1778,  1779,
         1780,  1782,  1786,  1791,  1793,  1798,  1799,  1803,  1804,  1806,
         1807,  1813,  1815,  1816,  1819,  1821,  1822,  1832,  1835,  1845,
         1857,  1858,  1859,  1861,  1864,  1865,  1870,  1874,  1875,  1877,
         1879,  1882,  1883,  1889,  1890,  1891,  1893,  1894,  1908,  1915,
         1916,  1918,  1923,  1937,  1942,  1945,  1947,  1949,  1955,  1957,
         1960,  1961,  1967,  1972,  1976,  1981,  1985,  1988,  1990,  1995,
         2007,  2008,  2010,  2011,  2012,  2014,  2015,  2016,  2018,  2020,
         2022,  2023,  2028,  2034,  2036,  2039,  2041,  2049,  2050,  2056,
         2057,  2059,  2060,  2062,  2073,  2075,  2077,  2083,  2084,  2089,
         2090,  2091,  2093,  2097,  2100,  2105,  2114,  2121,  2126,  2128,
         2129,  2139,  2143,  2144,  2147,  2151,  2152,  2154,  2155,  2160,
         2164,  2166,  2167,  2183,  2184,  2199,  2201,  2207,  2209,  2210,
         2211,  2213,  2215,  2216,  2218,  2228,  2230,  2236,  2242,  2244,
         2245,  2249,  2251,  2252,  2255,  2259,  2260,  2265,  2269,  2270,
         2271,  2276,  2277,  2278,  2282,  2286,  2288,  2289,  2290,  2293,
         2296,  2301,  2303,  2305,  2307,  2321,  2322,  2323,  2325,  2330,
         2332,  2335,  2336,  2340,  2341,  2345,  2346,  2348,  2354,  2356,
         2359,  2360,  2362,  2363,  2364,  2366,  2370,  2371,  2372,  2373,
         2377,  2381,  2382,  2393,  2397,  2404,  2407,  2409,  2411,  2415,
         2416,  2423,  2431,  2433,  2439,  2442,  2443,  2446,  2451,  2453,
         2454,  2455,  2456,  2457,  2458,  2461,  2462,  2464,  2466,  2476,
         2484,  2489,  2497,  2502,  2505,  2507,  2509,  2511,  2514,  2516,
         2521,  2523,  2525,  2526,  2529,  2539,  2544,  2545,  2547,  2551,
         2556,  2564,  2566,  2570,  2577,  2579,  2581,  2583,  2586,  2589,
         2592,  2595,  2600,  2602,  2604,  2615,  2616,  2617,  2618,  2619,
         2626,  2637,  2640,  2644,  2645,  2646,  2649,  2655,  2656,  2657,
         2659,  2661,  2662,  2667,  2671,  2672,  2674,  2676,  2679,  2686,
         2689,  2696,  2701,  2711,  2712,  2713,  2718,  2719,  2720,  2722,
         2724,  2725,  2729,  2736,  2738,  2742,  2748,  2752,  2753,  2756,
         2764,  2767,  2768,  2775,  2780,  2781,  2787,  2788,  2791,  2792,
         2794,  2795,  2800,  2801,  2802,  2804,  2806,  2811,  2817,  2819,
         2822,  2823,  2828,  2832,  2833,  2836,  2837,  2838,  2839,  2840,
         2844,  2846,  2853,  2856,  2859,  2861,  2862,  2863,  2865,  2868,
         2870,  2871,  2872,  2886,  2887,  2889,  2891,  2892,  2895,  2899,
         2902,  2903,  2909,  2910,  2914,  2924,  2927,  2928,  2930,  2933,
         2935,  2941,  2944
Total non-polymorphic = 861


Population     2 [PM_TWO_004]  (Number of Individuals = 8)
****************
--------------------------------------------------------------
Lowest Allele Frequency Used     0.050       No S*         0+
--------------------------------------------------------------

LINKAGE DISEQUILIBRIUM METHOD

Harmonic Mean Sample Size =        7.4         7.6         7.4
Independent Comparisons =    2129942     1248010     2129942
OverAll r^2 =                 0.202590    0.208742    0.202590
Expected r^2 Sample =         0.194117    0.192742    0.194117
Estimated Ne^ =                   34.6        17.4        34.6

95% CIs for Ne^
* Parametric                      33.0        16.8        33.0
                                  36.3        18.0        36.3

* JackKnife on Samples             8.6         3.3         8.6
                              Infinite    Infinite    Infinite

**************************************************************

Ending time: Fri Jan 14 16:34:00 2022
-------------------------------------

